 144  140  149  137  147  142  151  142  137  154  149  138  145  141  150  139  135  144  146  145  154  154  138  142  152 
 141  144  152  148  141  139  145  145  134  134  144  145  138  145  140  142  136  150  140  143  153  150  137  144  150 
 140  136  144  137  146  142  137  140  152  145  153  144  145  154  134  136  140  146  142  151  150  138  136  141  137 
 150  153  150  144  139  153  142  143  147  151  149  154  150  139  134  140  151  134  141  154  140  134  144  139  151 
 138  135  145  152  144  144  148  144  152  149  152  141  142  151  137  141  147  143  144  154  140  144  142  142  153 
 138  140  150  148  147  144  139  145  151  151  138  140  149  154  140  137  141  137  141  151  152  151  143  154  137 
 148  134  154  148  140  142  144  136  135  143  144  148  142  141  134  151  135  136  137  141  144  142  149  143  142 
 142  152  154  152  148  135  152  144  142  139  154  147  143  145  137  137  153  144  140  152  148  142  136  137  134 
 143  135  147  143  146  147  145  144  144  147  143  151  137  151  150  151  140  143  154  145  144  146  152  141  142 
 146  142  137  147  152  141  140  143  154  144  134  143  145  147  134  141  151  152  139  149  140  149  149  152  138 
 146  152  139  138  146  148  144  139  148  152  144  137  152  152  139  143  143  134  144  151  154  142  138  149  148 
 148  139  135  147  152  135  154  138  148  150  149  144  143  147  152  149  147  150  136  135  138  137  146  137  136 
 152  152  142  143  148  148  145  142  148  148  142  153  144  138  150  145  148  143  143  144  136  140  147  140  147 
 153  134  135  142  153  135  153  144  150  149  136  138  143  144  149  144  141  153  142  153  149  152  143  139  135 
 142  143  152  142  144  153  146  152  154  148  151  143  145  145  144  152  136  145  146  148  153  145  136  153  142 
 147  139  140  149  150  152  147  137  142  146  152  140  146  147  138  144  138  152  150  136  134  141  151  151  139 
 140  150  136  149  145  142  135  140  138  135  135  144  144  148  141  152  144  134  136  145  141  134  143  146  137 
 154  137  153  134  144  151  139  141  142  148  145  151  134  147  153  146  137  144  154  137  138  136  140  150  146 
 138  146  137  149  148  143  147  151  135  144  136  145  154  153  136  151  154  152  144  146  136  146  148  140  151 
 149  145  137  135  151  150  141  146  146  150  141  143  154  151  146  144  153  145  149  144  146  146  149  138  149 
 135  139  153  150  135  145  153  137  144  151  147  138  142  143  145  154  144  144  145  136  144  138  152  141  151 
 136  141  144  138  142  152  137  140  135  151  139  139  141  137  154  147  148  143  138  148  135  144  141  138  142 
 150  146  148  154  149  134  146  154  145  143  138  152  145  135  138  152  144  144  152  137  138  143  144  134  146 
 151  152  134  134  150  147  148  151  143  151  143  145  144  153  150  144  145  153  149  143  145  141  143  144  146 
 146  147  153  135  143  153  136  144  149  152  140  146  141  139  134  152  150  135  150  139  147  151  136  138  144 
