 112  114  119  117  121  117  115  116  122  110  117  118  103  116  103  117 
 110  112  104  109  109  111  106  109  112  116  113  122  116  109  116  115 
 110  120  112  110  110  105  108  114  120  111  109  111  122  118  107  105 
 115  114  102  112  107  116  109  103  103  103  116  108  116  106  106  104 
 110  102  109  110  112  117  122  113  114  107  117  120  102  112  113  105 
 119  107  102  121  109  112  108  104  102  113  109  117  107  117  120  115 
 109  106  102  103  114  118  112  116  108  113  120  106  112  117  112  114 
 111  103  104  114  117  111  109  112  108  106  117  114  116  106  121  119 
 115  110  108  103  121  106  108  113  112  121  107  120  121  116  103  102 
 112  119  121  119  105  118  113  122  102  112  119  111  103  114  120  112 
 117  104  113  120  103  119  118  104  115  122  112  102  118  118  122  119 
 117  107  105  118  119  102  109  102  115  109  113  112  109  110  114  121 
 120  105  121  112  104  103  115  102  122  115  122  118  112  117  103  102 
 105  102  103  119  112  117  110  120  105  102  119  113  119  112  118  120 
 103  122  103  102  117  105  119  114  121  102  117  116  105  102  112  109 
 104  110  108  110  111  105  102  110  122  119  110  110  120  111  110  112 
