 149  152  141  157  153  157  147  155  148  154  154  157  153  158  139  144  155  155  141  140  140  157  145  154  150 
 156  149  149  147  145  142  150  145  159  148  155  154  159  150  151  159  146  152  139  151  147  156  156  151  157 
 154  148  149  139  147  145  149  156  152  155  147  158  156  159  156  151  140  147  145  140  155  158  140  149  148 
 140  139  146  149  157  156  156  159  144  143  151  141  157  149  152  158  146  154  155  159  155  145  146  159  140 
 153  155  142  143  149  145  151  140  144  148  159  144  156  143  157  159  143  149  154  143  156  149  141  156  147 
 146  151  152  150  147  149  156  152  149  143  144  153  149  156  155  157  153  141  157  155  147  147  150  152  144 
 142  150  145  149  158  158  149  148  145  155  145  140  147  150  145  142  142  142  159  142  158  142  140  154  151 
 146  156  147  144  141  159  152  149  157  151  156  148  139  154  155  140  141  147  149  145  153  155  147  156  154 
 148  145  151  156  155  147  144  141  149  146  155  144  144  149  141  154  149  158  151  153  140  141  145  149  158 
 157  158  151  157  149  139  149  146  157  149  154  139  150  141  156  156  148  146  139  143  159  159  158  153  142 
 153  142  143  154  140  142  148  159  155  150  149  142  148  149  158  151  142  142  148  140  152  158  141  158  157 
 151  147  141  153  143  145  139  140  147  145  151  149  141  144  139  147  154  152  148  148  155  152  158  157  144 
 143  155  148  143  148  157  146  144  143  155  147  147  149  154  139  156  159  145  157  147  142  150  159  152  148 
 148  158  150  151  144  148  142  148  139  140  158  147  147  149  156  155  140  153  158  139  155  143  158  143  149 
 143  139  158  158  151  159  151  144  143  141  148  155  142  151  149  150  139  152  149  158  156  144  156  157  140 
 144  153  149  151  158  152  152  156  144  151  150  150  156  153  159  149  158  153  149  151  154  141  141  152  140 
 158  148  153  157  156  149  147  150  147  140  144  146  147  157  139  140  149  153  142  149  152  157  141  144  151 
 146  147  159  159  146  150  155  146  149  145  154  142  156  158  148  145  146  149  145  149  143  141  153  156  155 
 142  144  147  155  154  158  157  154  145  148  152  152  159  140  149  143  159  150  149  145  159  139  154  149  146 
 142  155  157  143  140  142  154  158  158  152  156  155  159  144  150  154  146  151  146  149  153  157  146  139  157 
 147  155  154  154  140  149  151  147  153  155  141  152  155  155  148  153  157  156  145  151  149  139  140  159  154 
 157  159  157  154  147  155  148  141  156  140  156  144  155  152  147  149  150  145  159  145  142  149  152  157  144 
 144  150  139  154  150  139  152  144  149  147  156  152  146  158  151  154  156  144  141  146  157  148  149  145  154 
 152  154  157  151  141  150  154  156  141  155  151  147  145  141  144  140  149  145  153  143  141  139  148  149  139 
 146  154  150  148  149  145  146  143  147  158  159  146  140  156  159  150  142  140  156  145  153  143  141  158  149 
