  94   97   98   89  103   94  104   93  102   97   94   93  101  100   86   90 
 100   94   91   87   94   92   91   91  104   92   98  101   86   85   96  101 
  92   93   94   92   88   98  102   86   96   86   93   98   96   91   95   85 
  94  104   94   94   92   88   93   97   92   84   95  102   97  104   92  101 
  95   92  102   86   94   93  103   91  100   93   93   92   97   84   92   87 
  91  104   95  100   86   94   99  102   88   89  101   99   84   94   89  104 
  93   97   92   91   88  104   94  102   84   90   84   97   88   94   99  102 
  86   87  102   93   95  101   90   94   91   98   97   87  101   88  101   89 
  91   91   85   93   97   88   86  104   94  104  104   88  104   88   94  104 
 101   86   98   90  103   93   94  100   98   94   87   89   97   97   98   98 
  84   91   95  101   91   95   87   91  102   98   94   98  101   90  103   97 
  86   86  100  100   95   85   87   88   99  102   84   94   91   84   90   84 
  96   87   86   96  104   95   90  100  102   91   95   96   94   97   98   87 
  91   99   96   85   98   98   84   87   99   93   87  101   90   94   84   94 
  85  102   84   85   88   95   97   96   90   93  101  102  101   88   94   95 
  89   93   96   86  104  102  104   90  100   86  101   91   88   84   88   94 
