  65   75   72   67   67   63   56   64   63   67 
  67   65   72   60   69   69   56   56   64   60 
  75   73   65   61   71   71   57   66   71   74 
  62   63   75   65   75   70   74   67   57   73 
  69   56   75   58   65   59   64   65   57   66 
  63   56   66   61   55   65   71   65   59   71 
  65   63   74   70   63   55   65   57   58   68 
  73   71   58   55   63   57   55   65   58   67 
  65   75   73   70   72   62   57   64   65   56 
  58   72   64   62   67   73   57   66   70   65 
