  96   97   95   90   92   91  106   99   99   89   95   99  104   93  102   96 
  90   96   96   90   91   99   94   91   94  101   87   97   92   97   90  102 
  89  102   96  102   87   99   97   86   86   95   97   97   90  102   95  103 
  98   99   88   96   96   92   99  103  104  104  101  100   95  104   98  102 
  95   93  102   98   96   93   90   89   91  100   86   96   98   98   89  101 
  88   93   98   86   91   96  100  103   90   92   99   86   87   89   94  106 
  93   88   96  101  104   97   96   96   91   96   93  106   89   96   95  102 
  90   92  100   95  101   94   98   96   98   86  104   96   95   92  100  106 
  99   94   90  104  105  100  104   90   96   92   88  104   89   92   90  105 
  93   95  106   87   98  105  100   87   93   96   89   97   88  102   87   95 
  88  100   93   94   88   97   92   93  106   99   96  104  103  102   95  104 
 103  100   90   90   87   93  104   92   91  105  101   96   87  104  102   96 
  89  101   93   89   96  102   89   93   98   98   91   98   96   90   92   87 
  97   94  102  103   93   97  105   97   95  102   89  104  102   96  101   91 
  87  102  101  100   96  106   92   91   92  101   95  101   90  106   96   86 
  98  103   92   89   99   97   87   97  105  105  103   99   92  105   95   96 
