  94  102   97   95   94   98   99   93  100   94   88   90   91   94   93   93 
  97   94   89   98  104   89  104   93  101  102   97   91   98  100   91   93 
  89   87   94   84  100   97   91   86   89  101   98   91   89   93   94   95 
 102   89   84   94   87  100   88  103   98   98   94   86   98   99   91   88 
 104   89   94   89   94   88   98   96   98   88   88  103  100   86   88  103 
  99   89   94   94  104   94   99   99  102   88   85  100   93   85   87   85 
  89   85  104  104   91   88   94   87   93   88   85   92   98  103   98   88 
  91   91   95   88   96   97   86   94  101   89   88   89   99   96   93  101 
  84   96  104   96  101   87   84   97   94   99  104   99   96   91   86   87 
 102  102  104   99   87   90   84   84  103   94  102   97   90   84   89   92 
  98   97  102  102   93  102   99   85   90  102   94   86   99   91   84  101 
  87   88   91   88  100   88  101   87   89   86   98   94   92   91   96   92 
  91   84   91   98   84   99  101  102   87  101  100   89   94   85   96   96 
 101   86   97   88   91   91   87  100   99  102   87   86   87   94   87   95 
  92   90   89   96   87   85  104   92   87   97   84   93   86  104   94  100 
  87   96  103  104   96   88   86  100  102   91   93   89   98  103   95   94 
