  61   69   62   70   51   58   58   66   53   67 
  56   61   60   55   71   62   56   51   54   51 
  59   63   61   57   63   53   66   69   51   57 
  64   59   70   61   54   58   59   60   51   71 
  62   52   53   65   61   60   67   63   52   52 
  57   64   67   60   71   61   64   66   53   64 
  51   53   68   52   54   64   61   66   65   58 
  69   59   61   52   63   60   68   61   55   64 
  60   71   51   62   66   66   71   67   61   70 
  62   55   71   58   62   61   56   60   51   61 
