 109  100  104   99  117   99  116  100  105  101  103  106  107  103  118  119 
 100  109  117  114  112  103  107  113  113  112  109  111  107  108  112  113 
 114  108  109  102  111  118  112  100  103  113  100  109  118  103  108  116 
 100  109  115  109  103  107  108  112  117  103  108  108  117  103  118  113 
 113  102  113  118  109  117  110  115  103   99  114  105  101  115  115   99 
 110  106  115  109  111  109  119  110  111  118  104  103  112  119  107  106 
 105  111  103  110  111  118  109  116  116  116  118  114  119  109  100  117 
 102  101  106  117  101  111  101  109  113  112  101  113  100  110  107  104 
 105  100  118  104  118  119   99   99  109  101  118  113  117  103  116  104 
 117  106  114  112   99  119  108  100  112  109  108  115  119  115  118   99 
 101  101  119  114  105  118  108  103  101  104  109  106  106  108  115  103 
 105  113   99  119  113  109  116  115  107  115  116  109  117  119  115  117 
 117  104  108   99  112  119  109  119  110  105  105  117  109  113  111  104 
 114  112  100  104  110  119  116  107  100  112  105  117  115  109  101  104 
 106  118  119  119  106  104  117  111  100  110  116  115  118  113  109   99 
 101  118  109  104  113  117  102  111  103  107  119  112  104  107  113  109 
