  61   66   68   59   59   63   56   51   58   62 
  66   61   65   71   66   69   63   71   70   55 
  54   52   61   69   66   54   60   71   51   59 
  51   67   61   61   59   60   68   56   64   61 
  59   68   61   60   61   67   70   56   70   65 
  71   66   67   51   53   61   62   56   53   54 
  65   62   69   58   52   53   61   63   71   59 
  57   53   59   56   70   66   52   61   63   69 
  57   65   52   59   69   68   54   65   61   52 
  57   71   57   58   61   61   61   67   63   61 
