 100  110  105  107   93   90  106  109  103   96  106  106  107   99  105  108 
 106  100   99   95  102  107   97   90  103  103  102   91   96  105   93   93 
  96  100  100  109  107   95  105  105  105  100  105   95   93  101  101  105 
 104   95   95  100  110  107  100   98  104  105  101   96   95  108  108  105 
  90  106  102  108  100   97   93  101  110  106   98  108   90   94   95   98 
  95   92  103   91  108  100   99   93   96   97  109   94   94   91   90  106 
  93   94   91   93   92  102  100   95  106   98  104   99  104   90  102   99 
 106  102  108   91  110  109   98  100   90  101   91   91  109   97   98   92 
 104  106  109  100   94  105   91  108  100  103   99  110   97   94  102   94 
  95  107  109   97   98   92  101   99  100  100  103   92  105   97  108  106 
 101   91   92   96  107  101   96   95  108   90  100   96  106  108   93  107 
 110  107   94   99   90  108  102  106   97  100  102  100  104   94  101  107 
 100  110  105   98   92   99  105  110   97   90  107  104  100  106  103   90 
  90  110   99   98  101   92  108   95   97  101   92   90   92  100   92  110 
  99  107   97  108  108   93  102  104   91   95  107   99  109  110  100   99 
 104   98   98   93   90  102   94   93   96   99   94   99  107  104   96  100 
