 104   97  107   97  108  103  107   99  108  113  109  103   98  106  106  107 
  94  104   96  113  107  110  109  114  114  107  109   98   98   95  102  114 
 103   94  104   97  114   99  109  100  112  100  113  101  112   95  107   96 
  94  112  100  104  107   97   99  114   98  109  114  106  113  105  108  104 
 112  105   95  109  104   96   98  114   98  112   98  101   99   99  101  108 
 111  109   95   97  104  104  112  105  108  106   96  104  101   94   97  103 
 106   96   98  111   95  102  104  101  110  108   97   97  111   94  114   94 
  97   97   98  112  110  101  104  104  104  108  109  103  113  101  106   98 
 107  107   97  103  103  102  108   99  104  108  100  109  102  106   94  107 
  96   98   97  106  114  113   97  113  101  104   99  108  107  113  102  111 
  99   97   97  110  114  105  107  102   99  110  104  111  109   97   95  113 
 113   95   95  100  113  101   96  106  101  105  105  104  102  112   96  108 
  99  105  107  106  101  110  103   96   94  107   96   94  104   95   97  112 
 101  107  111  109   97  104  108  106  104  111  100  100   95  104  112  108 
 106  111  103  107  104  106  107  100  110  113  100  100   97  107  104   94 
 107   97  110   96   96   97  105   97  111  104  114   98  112  108   95  104 
