 148  155  139  141  158  155  156  139  157  157  144  149  155  147  138  157  152  143  156  153  148  142  150  142  146 
 150  148  154  157  144  151  140  150  153  158  148  155  157  149  142  150  145  154  153  146  148  140  146  143  151 
 158  141  148  155  155  158  153  154  145  146  157  158  141  138  147  138  139  140  143  154  148  140  149  158  151 
 158  147  140  148  147  146  156  146  143  156  141  141  145  152  142  144  156  145  156  138  147  138  145  143  148 
 148  141  151  138  148  140  141  142  152  149  142  140  157  140  146  141  147  140  146  156  138  155  154  140  144 
 149  147  140  148  139  148  142  139  149  147  143  156  140  157  140  145  157  145  155  140  157  158  151  155  139 
 144  154  147  155  147  138  148  139  139  146  146  141  158  155  149  156  139  149  140  149  148  147  146  153  146 
 142  151  156  158  158  154  147  148  145  149  157  149  151  147  157  157  146  156  148  146  158  141  150  151  152 
 147  148  150  157  155  143  157  154  148  155  145  142  142  157  141  156  152  151  155  151  141  155  142  151  155 
 149  141  147  150  153  139  142  152  156  148  151  154  156  148  141  140  155  141  146  152  156  141  151  150  146 
 139  146  145  147  158  149  157  152  143  138  148  139  138  151  154  155  151  146  139  154  144  145  144  138  145 
 158  158  145  157  141  153  143  153  153  157  152  148  144  155  149  145  155  143  143  154  157  152  156  154  140 
 143  152  154  138  152  154  146  152  139  143  158  155  148  138  151  150  144  147  141  154  146  149  139  144  147 
 143  158  151  148  143  145  143  146  140  141  154  155  142  148  157  139  141  158  152  156  144  143  140  140  152 
 140  141  141  146  149  143  138  138  149  146  146  138  151  150  148  148  155  140  147  158  145  146  154  143  155 
 138  156  139  145  138  143  151  146  154  157  149  157  149  139  145  148  152  139  149  142  156  154  153  158  141 
 146  140  156  155  141  154  138  150  157  143  143  145  141  141  138  142  148  139  150  147  154  152  140  138  152 
 152  141  139  150  150  143  148  149  147  146  149  139  144  157  146  154  142  148  154  147  147  158  139  138  154 
 157  151  144  152  145  150  156  138  142  143  149  155  152  138  146  156  147  147  148  143  152  138  141  141  150 
 153  139  145  140  158  138  148  154  147  140  152  148  146  157  141  143  153  142  154  148  152  143  140  138  139 
 145  155  149  153  152  151  142  154  151  142  146  147  154  149  142  144  158  143  150  145  148  154  141  158  150 
 153  151  147  138  138  146  150  156  140  145  139  138  139  146  147  149  142  139  156  151  141  148  143  148  146 
 145  155  142  150  150  158  139  151  158  148  145  158  152  154  139  153  156  148  143  149  155  145  148  148  151 
 141  141  140  157  149  158  143  143  149  143  146  142  145  138  151  144  153  147  148  149  145  158  155  148  157 
 148  158  140  145  142  146  148  141  139  149  147  145  140  153  154  147  141  154  140  148  151  152  138  142  148 
