  96  105  106  105  104   94   98  106   94   92   99  106   86   90   86   92 
 102   96  106  106   88  101  106   90  103   98  106  102   95  101  102   95 
 104   93   96   94  100   94   95  101   99   96   87   96   94  105   90   95 
  90   88   98   96  100   99  105   89   94  101  101   88   97  101   96   92 
 103  101   86   95   96   89   87   99   88   92   88   91  101   94   93   93 
  88   97   93   97   92   96  101  105  106   93   91   91   99   89  106  101 
 105  103  106   89   90   89   96  106  100  105   95   92   88   97  103   98 
 103  106   90  103   94   97   87   96  101   89  103   96   96  104   95   98 
 104   98  104   98   99   92  104  101   96  103   93   92   90   89   91   96 
  89   92  106   86   96  102   97   86  102   96   98  105  104   98   99  104 
  92   89   89   92   88   98   98   95  104  106   96   86  102   89   92  102 
 100  104  105   97  106   99   96  106   91   91  104   96   98   89  101  103 
  95   92   94   93   94   96   94   92  101  103   89  106   96  104  105  104 
  97   87   88  105   95   88   97   88   94   94  106  106   93   96   94  102 
  92   95   90   87   91   94   88   90   93   89   88  105   92  102   96   95 
  98   94  100  106  102  102   87   89   91   98   87   92   96   96  101   96 
