 158  167  150  159  153  160  156  155  155  149  161  158  151  153  163  148  166  159  163  151  166  168  158  149  155 
 155  158  157  167  151  158  149  165  165  164  155  154  153  158  168  164  162  155  161  165  155  154  162  159  151 
 153  150  158  156  160  168  168  159  153  160  161  149  157  157  159  164  165  149  166  160  164  154  155  163  162 
 152  165  153  158  152  156  154  163  168  156  163  159  163  155  153  167  166  165  158  164  161  159  163  155  157 
 153  166  158  164  158  157  149  160  162  158  148  157  158  159  154  150  156  163  158  155  161  157  167  157  150 
 160  151  156  156  157  158  167  153  158  155  155  152  151  167  155  162  159  168  150  162  156  166  154  165  159 
 168  168  158  154  159  164  158  149  152  168  148  160  160  158  148  164  163  168  153  159  159  153  162  154  161 
 160  152  156  158  152  157  148  158  148  167  154  150  153  156  153  165  148  165  168  167  162  168  151  153  161 
 149  152  161  162  165  165  152  155  158  162  158  164  165  156  150  149  162  161  156  161  161  153  161  162  149 
 155  157  156  157  159  163  149  155  159  158  161  148  150  157  160  168  155  150  152  157  167  165  166  161  160 
 154  157  150  153  165  162  164  153  153  159  158  162  152  158  155  154  163  167  167  163  154  151  167  163  150 
 164  156  149  151  165  161  156  150  157  150  148  158  158  159  156  152  166  167  162  154  162  160  153  156  148 
 166  161  153  162  159  164  166  165  161  159  153  165  158  158  166  168  149  159  156  154  156  155  149  163  148 
 159  167  161  167  164  156  154  158  148  150  156  168  164  158  152  163  149  165  160  149  167  151  159  154  162 
 156  149  156  160  161  155  155  162  151  165  150  162  166  153  158  168  150  151  154  166  153  150  160  157  151 
 158  157  148  150  168  152  159  162  167  166  148  163  149  166  165  158  166  150  149  168  155  153  153  154  161 
 151  160  162  154  151  152  157  154  154  161  165  168  162  165  150  157  158  150  154  164  148  158  165  148  166 
 152  167  165  152  152  158  167  161  164  153  149  150  161  165  149  161  159  158  164  148  167  167  156  165  149 
 152  167  168  160  152  148  159  157  155  151  158  148  168  163  150  151  156  149  158  151  161  153  149  163  154 
 151  152  152  167  159  151  167  153  158  149  166  168  157  149  157  160  148  154  162  158  165  166  160  148  158 
 155  154  153  161  157  160  166  156  153  151  157  160  161  161  158  163  152  160  152  165  158  159  161  149  156 
 159  150  165  164  158  150  151  153  162  164  153  152  150  157  162  163  152  157  153  167  162  158  153  159  164 
 168  156  164  163  167  148  159  163  161  164  166  167  160  164  152  165  148  164  161  164  149  150  158  150  167 
 160  150  154  166  150  162  164  165  163  165  158  160  158  156  158  157  150  155  164  168  156  161  163  158  163 
 166  167  164  156  159  148  162  156  150  158  154  149  153  150  160  166  161  150  157  151  153  167  168  155  158 
