 154  153  154  153  147  161  144  154  157  153  164  156  155  150  146  153  153  148  153  159  163  161  155  151  161 
 153  154  145  164  145  154  153  155  160  152  158  152  145  146  152  160  160  160  163  151  151  149  161  145  150 
 157  156  154  149  147  148  152  148  150  144  160  164  163  148  159  151  152  162  161  148  158  157  149  147  146 
 148  164  161  154  159  155  149  145  160  156  156  144  144  157  163  145  158  149  161  147  158  159  144  144  155 
 159  162  145  161  154  145  158  147  162  150  153  164  146  146  158  147  147  151  148  149  147  154  146  151  148 
 151  157  149  158  153  154  162  150  153  145  145  157  164  154  148  145  157  153  160  163  156  149  147  164  155 
 162  146  147  151  154  162  154  150  151  145  148  160  157  150  164  152  151  154  157  153  147  147  150  148  160 
 162  148  150  145  146  153  150  154  164  148  153  152  156  155  157  152  148  144  151  159  152  164  153  164  148 
 153  153  145  163  153  152  151  154  154  160  161  149  162  145  161  149  158  151  144  148  158  145  158  152  156 
 155  162  155  145  153  146  147  154  156  154  161  148  151  159  145  159  157  149  155  144  145  144  144  149  159 
 149  162  161  149  155  161  163  157  149  147  154  160  159  156  157  145  163  152  146  160  146  152  151  149  153 
 161  148  156  163  156  156  159  163  147  156  162  154  164  144  159  159  162  152  154  164  153  164  148  149  148 
 154  147  146  162  144  153  156  145  146  148  163  145  154  154  145  151  156  146  147  153  146  156  163  147  145 
 153  151  144  147  162  150  151  162  151  161  154  154  145  154  153  147  151  145  150  160  157  153  164  146  157 
 161  162  150  149  151  158  151  154  155  160  162  153  146  161  154  159  162  164  148  147  150  149  154  146  163 
 147  158  163  150  157  163  157  144  150  150  152  161  164  147  161  154  152  157  156  147  157  155  154  161  164 
 148  161  151  155  164  147  154  150  161  153  145  162  162  152  151  160  154  157  157  163  147  152  157  153  145 
 162  150  159  150  155  158  160  146  158  164  159  144  163  150  147  163  149  154  152  145  145  147  161  144  151 
 163  152  164  162  150  152  159  159  144  153  155  149  148  157  145  149  158  154  154  156  160  146  146  162  148 
 151  159  144  149  157  155  149  157  163  159  154  158  160  145  150  145  150  145  149  154  159  159  148  153  155 
 154  158  164  150  147  158  153  152  151  144  160  146  164  157  157  159  153  159  145  156  154  147  162  158  163 
 154  149  151  145  160  147  145  148  152  160  160  161  149  161  159  152  162  151  145  157  163  154  159  157  163 
 159  163  149  160  153  157  147  157  155  152  160  160  161  158  156  158  163  154  155  153  152  163  154  145  163 
 156  155  164  148  150  144  155  146  153  148  151  148  159  160  144  157  157  158  150  153  159  161  146  154  151 
 155  145  155  154  158  148  156  162  155  156  153  159  145  158  148  152  155  146  154  149  162  148  156  151  154 
