  60   54   65   51   63   67   54   61   61   53 
  51   60   61   51   68   52   65   58   68   60 
  53   60   60   62   65   69   59   59   53   54 
  52   67   59   60   52   54   52   54   69   63 
  68   55   56   66   60   69   54   50   58   56 
  56   51   67   60   57   60   58   60   58   69 
  53   57   68   52   52   56   60   50   64   59 
  60   53   61   69   61   53   56   60   57   52 
  64   70   57   52   69   64   66   52   60   64 
  52   59   57   67   69   58   57   59   63   60 
