  67    7    0   -1    6    5   -7    4   10    7    1    6   -1    6    1    1 
  -7  -73   -4    1   -7    4   -5    2    3   -9   -1   -3    0   -5   -9    9 
   3    5   72    1    1   10   -6    8    6    6   -2    3   -6   -1    8    1 
  -6   -5    0  -80   -5    8   -8    3  -10   -7    1    4    9   -8   -2   -2 
  -3    7    4  -10   68   10    3    5   -1   -2   -5   -1   -3   -3    2    5 
   0   -6   -2    0   -2   71   -9   -6    9   -3    2    1   -9   10   -4    3 
   3    1   -2   -9    7    1  -91   -9    9   10    5  -10    5   -6   -5   -8 
   9    4    5    8   10   -3   -4  -82   -6    2    4   -9   -4   -6    2    4 
  -5    1   -2   -9    0   -8   -9   -6   75   -4   -6    8    7   -7   -1    0 
   7   -6   -3    9    7    9   10   -8  -10  107    4   -7    5    7    4   -8 
  -7   10   -4   -4   -7   -2   -7  -10    1    0  -82   -1    7   -8    4   -9 
   8    8   -2    8   -3   -9  -10   -9    7    4   -8 -106    7   -7    3  -10 
  -1    0    5    8   10   -8   -5    4   -8    7    3   -8   79    0   10    0 
   1   -3   -6   -3  -10   -6   10    6   -3    0    4    4   -4  -80   -7    9 
   9   -7    3  -10   10   -4  -10   -7    6    9    3   -7   -7   -9 -109   -5 
   0   -4   -6    5    6    8   -1  -10    9    0    7    7    1    4   10  -80 
