 110  100  114  105  100  119  120  100  105  110  120  100  113  100  107  107 
 115  110  102  119  120  106  112  102  115  101  114  120  106  115  102  120 
 100  101  110  106  113  105  109  106  107  116  114  111  116  110  117  118 
 106  103  103  110  106  118  104  113  112  109  115  114  114  116  118  120 
 106  113  120  116  110  115  109  106  105  106  106  115  107  115  118  110 
 110  105  120  104  114  110  100  110  112  118  109  116  111  116  110  110 
 105  103  110  111  111  117  110  119  112  106  111  112  113  100  118  114 
 108  107  103  100  105  115  118  110  113  110  107  107  114  115  111  103 
 100  114  102  114  102  114  106  117  110  106  111  103  101  120  111  107 
 102  102  118  118  113  106  105  108  101  110  112  109  102  115  103  107 
 101  118  105  120  105  117  103  107  119  117  110  102  118  101  105  116 
 104  105  108  107  106  102  117  111  118  102  119  110  111  101  106  116 
 115  105  103  113  104  100  116  102  102  103  100  104  110  104  112  114 
 117  111  109  114  116  107  102  107  109  111  105  113  104  110  100  108 
 110  111  110  115  115  111  119  118  118  111  112  114  109  108  110  120 
 109  109  110  100  100  116  114  107  116  115  115  111  102  105  102  110 
