N = 10
-------
1 threads

0,000007	0,000001	0,000001	0,000003	0,000001	0,000001	0,000015

2 threads

0.000130	0.000002	0.000002	0.000002	0.000002	0.000002	0.000139

4 threads

0.000123	0.000003	0.000002	0.000002	0.000003	0.000002	0.000134

8 threads

0.000269	0.000083	0.000071	0.000082	0.000104	0.000175	0.000784

12 threads

0.000333	0.000103	0.000079	0.000105	0.000159	0.000578	0.001358


N = 16
-------

1 threads

0,000006	0,000001	0,000002	0,000002	0,000001	0,000002	0,000013

2 threads

0.000081	0.000002	0.000002	0.000002	0.000002	0.000002	0.000091

4 threads

0.000109	0.000002	0.000003	0.000002	0.000004	0.000002	0.000122

8 threads

0.000268	0.000073	0.000118	0.000165	0.000094	0.000186	0.000905

12 threads

0.000400	0.000109	0.000176	0.000187	0.000117	0.000235	0.001224

N = 25
-------

1 threads

0,000008	0,000001	0,000004	0,000005	0,000003	0,000003	0,000024

2 threads

0.000078	0.000002	0.000003	0.000003	0.000003	0.000003	0.000091

4 threads

0.000112	0.000002	0.000003	0.000004	0.000004	0.000004	0.000128

8 threads

0.000252	0.000072	0.000076	0.000161	0.000112	0.000270	0.000942

12 threads

0.000363	0.000106	0.000083	0.000080	0.000115	0.000246	0.000993

N = 400
-------

1 threads

0,000540	0,000003	0,000637	0,000602	0,000542	0,000690	0,003013

2 threads

0.000378	0.000002	0.000335	0.000294	0.000218	0.000239	0.001466

4 threads

0.001065	0.000004	0.000242	0.000274	0.000171	0.001126	0.002882

8 threads

0.001359	0.000556	0.000718	0.000331	0.000315	0.000374	0.003653

12 threads

0.000661	0.000152	0.000425	0.000372	0.000307	0.000442	0.002360

N = 1000
-------

1 threads

0,003110	0,000028	0,003345	0,002461	0,002426	0,002890	0,014260

2 threads

0.002170	0.000017	0.002321	0.001914	0.001833	0.001825	0.010080

4 threads

0.001383	0.000010	0.001525	0.001148	0.001104	0.001066	0.006236

8 threads

0.001469	0.000089	0.001609	0.001971	0.001283	0.001440	0.007861

12 threads

0.001395	0.000109	0.001915	0.001270	0.001271	0.001415	0.007376

N = 10000
-------

1 threads

0,274573	0,000663	0,379998	0,305948	0,314634	0,255239	1,531054

2 threads

0.137220	0.000315	0.200705	0.127488	0.125518	0.123352	0.714598

4 threads

0.095803	0.000218	0.137405	0.079142	0.078211	0.088290	0.479069

8 threads

0.101806	0.000772	0.162018	0.081824	0.075407	0.080179	0.502006

12 threads

0.076100	0.000303	0.122951	0.068925	0.066186	0.068788	0.403253