  58   68   63   68   59   57   56   54   53   66 
  61   58   63   58   61   67   52   62   61   68 
  64   58   58   57   53   64   60   50   66   57 
  68   61   66   58   58   48   48   53   49   66 
  65   49   59   60   58   58   59   67   50   63 
  61   48   60   58   60   58   49   60   57   48 
  49   50   55   51   48   52   58   67   56   61 
  51   52   56   54   68   67   64   58   49   58 
  55   54   55   65   55   55   48   58   58   55 
  62   64   61   49   59   53   61   63   58   58 
