 159  160  160  165  153  149  149  169  163  169  159  152  167  151  166  166  151  165  158  165  168  162  150  169  155 
 166  159  156  167  167  169  159  162  153  160  163  155  154  162  166  159  162  150  158  161  155  154  150  150  155 
 157  154  159  157  151  152  167  169  150  167  159  164  153  152  159  159  159  154  158  149  168  159  161  160  166 
 149  154  162  159  162  168  161  150  149  165  150  151  169  168  164  165  154  168  155  165  160  163  155  163  164 
 155  165  151  152  159  159  166  153  152  164  166  156  167  164  157  149  163  158  167  159  164  168  168  161  158 
 152  157  167  158  166  159  163  149  161  152  168  165  158  165  164  165  163  158  155  166  154  167  164  167  162 
 156  156  161  155  159  151  159  150  169  169  166  151  163  151  150  159  161  167  153  159  163  165  168  160  150 
 169  160  154  168  149  162  160  159  154  163  162  155  165  164  154  168  157  157  150  149  151  150  154  163  164 
 155  154  160  165  156  151  150  157  159  164  150  163  150  167  155  157  163  152  165  163  161  153  165  163  156 
 150  164  151  165  151  159  156  168  168  159  151  156  167  169  159  160  150  157  169  161  150  154  157  167  168 
 162  152  165  164  156  159  167  152  162  158  159  163  159  156  168  169  155  149  159  169  150  167  169  165  150 
 169  155  149  165  169  153  161  163  162  153  163  159  169  154  160  163  167  168  164  166  154  164  156  154  168 
 164  156  165  151  158  151  151  154  152  158  168  169  159  154  165  149  153  149  161  149  149  162  164  167  169 
 156  160  161  165  157  149  161  159  159  166  164  166  151  159  167  151  157  152  167  158  157  149  152  157  150 
 149  168  167  154  154  160  169  152  169  151  165  161  163  164  159  160  166  162  160  169  150  164  169  162  153 
 164  154  167  151  155  165  149  163  152  163  163  156  163  167  154  159  161  149  164  152  169  157  166  168  161 
 156  168  151  155  163  157  154  168  166  150  169  160  156  163  156  166  159  154  153  166  167  156  161  152  155 
 156  165  163  157  151  162  162  160  157  150  166  156  149  149  157  161  159  159  168  156  165  155  163  162  152 
 156  156  159  158  164  155  152  152  160  168  165  150  158  169  149  167  169  151  159  163  162  162  162  150  157 
 152  153  166  159  163  155  149  154  150  157  158  155  169  158  153  152  149  155  152  159  157  157  158  150  150 
 152  163  167  149  167  151  169  158  167  154  159  152  158  168  163  167  169  154  151  152  159  157  158  157  168 
 149  149  152  166  155  167  164  156  164  168  155  153  168  161  166  151  152  166  168  149  168  159  152  153  161 
 149  161  162  149  164  165  152  161  150  152  157  158  149  158  165  154  157  159  152  162  164  151  159  165  150 
 155  159  166  150  162  160  165  164  155  161  149  169  163  153  159  151  153  169  149  161  159  161  167  159  158 
 154  151  165  158  159  157  155  163  149  167  159  167  154  150  168  156  167  152  167  151  159  169  153  150  159 
