 152  154  161  147  159  150  156  148  149  145  155  148  149  160  156  142  148  161  146  162  158  153  162  161  146 
 148  152  150  156  144  144  157  152  162  146  146  150  154  152  142  142  160  142  156  162  149  157  146  150  153 
 152  143  152  159  150  150  149  146  155  152  142  145  154  147  152  162  162  142  142  144  142  143  159  142  152 
 142  146  146  152  158  148  144  157  159  155  144  144  148  155  147  154  147  155  146  147  155  147  150  158  150 
 150  143  149  157  152  156  162  158  152  149  161  147  148  154  150  153  142  143  159  157  150  152  162  156  147 
 144  157  155  159  145  152  148  142  143  142  144  160  152  154  158  160  162  152  147  153  152  151  151  149  160 
 155  148  156  159  151  151  152  150  157  151  157  160  153  160  162  151  150  156  149  147  156  159  155  148  151 
 159  145  160  145  159  146  161  152  158  150  150  146  146  160  162  144  151  159  146  161  149  160  147  157  156 
 144  156  156  161  155  162  158  160  152  144  159  157  160  149  145  146  154  143  145  156  153  144  161  152  154 
 150  156  142  161  159  159  157  157  153  152  155  151  156  160  150  151  160  158  155  143  149  157  149  145  148 
 158  146  144  156  155  159  158  155  156  157  152  153  148  144  148  160  159  145  148  147  145  143  142  147  153 
 159  143  147  143  162  153  146  155  148  145  153  152  161  148  151  154  156  154  160  154  153  145  160  161  149 
 156  157  158  151  154  160  156  156  161  149  162  156  152  145  147  157  144  156  146  158  150  161  156  162  152 
 152  151  143  153  145  159  149  154  153  147  150  147  148  152  147  142  156  152  150  151  155  143  158  153  152 
 154  148  149  154  159  158  158  152  162  155  160  156  148  147  152  153  153  144  161  154  158  151  162  147  145 
 157  156  160  162  149  148  149  162  147  147  157  158  146  152  156  152  158  161  146  151  152  149  150  146  145 
 152  144  152  155  160  147  153  162  155  159  148  157  144  156  154  162  152  145  156  142  143  155  147  153  147 
 151  160  142  160  150  145  149  143  142  157  155  142  152  154  151  149  158  152  161  158  147  146  152  148  148 
 162  152  148  145  143  146  145  161  155  151  150  157  152  147  152  154  160  145  152  147  162  148  148  160  153 
 162  160  157  155  162  146  143  144  150  150  150  151  143  160  162  161  149  147  153  152  145  157  145  150  159 
 157  146  149  146  146  149  143  162  148  150  143  153  158  152  162  147  156  160  148  157  152  154  147  151  159 
 149  142  147  146  160  154  154  146  159  142  147  160  149  156  162  142  154  151  142  161  145  152  147  162  147 
 157  159  154  151  146  155  159  150  154  151  144  161  149  145  146  147  155  162  149  156  156  159  152  155  143 
 143  144  162  151  162  159  143  152  142  158  149  153  152  160  158  151  149  161  157  157  154  157  144  152  153 
 145  144  162  146  148  144  146  160  143  142  162  156  145  160  143  159  150  143  155  159  153  156  156  150  152 
