 151  157  161  160  151  142  142  141  154  151  154  151  147  154  150  152  159  161  157  148  153  159  157  146  142 
 148  151  147  143  156  143  143  155  156  144  159  157  160  149  149  152  156  144  161  149  142  142  146  149  157 
 142  146  151  145  156  161  154  158  158  159  161  152  154  146  150  149  146  160  160  158  155  143  160  144  145 
 156  158  156  151  141  141  152  147  158  152  161  155  148  158  157  141  153  143  152  143  149  151  142  148  147 
 151  153  149  142  151  145  160  151  148  141  142  155  159  155  156  153  142  155  151  145  147  154  157  149  144 
 151  157  161  157  149  151  147  150  142  154  149  152  161  150  156  155  150  150  150  144  154  144  154  158  152 
 142  152  143  155  142  160  151  161  148  149  149  160  150  141  149  141  141  161  157  158  149  147  148  153  161 
 158  145  156  152  147  147  157  151  151  156  159  153  145  146  141  143  156  142  154  159  145  154  157  141  142 
 156  142  144  143  141  148  159  155  151  147  151  159  158  148  158  152  152  143  152  157  161  156  150  159  160 
 142  148  159  153  143  142  157  148  143  151  145  157  141  154  147  141  152  156  159  143  147  143  157  145  145 
 143  152  141  159  154  151  159  146  154  161  151  142  145  149  147  141  150  142  149  153  154  146  152  156  153 
 160  159  142  156  143  156  159  143  149  148  143  151  143  143  158  145  149  146  154  152  158  155  142  150  148 
 145  142  157  156  141  157  160  159  141  154  158  143  151  145  148  158  150  152  157  156  161  144  149  152  141 
 153  154  161  155  159  143  151  156  144  149  156  141  150  151  159  155  153  145  141  152  157  153  150  152  153 
 146  159  146  161  150  160  141  144  157  144  157  152  148  145  151  151  155  158  151  150  151  158  151  144  153 
 144  158  150  145  145  147  150  144  159  149  145  144  145  149  161  151  159  147  146  148  143  144  161  153  157 
 142  149  148  157  153  147  145  159  151  154  148  155  152  157  141  156  151  150  158  141  148  146  149  158  149 
 142  151  153  147  152  141  156  148  156  144  155  154  155  148  141  151  160  151  152  155  161  141  154  141  150 
 147  149  143  143  151  156  156  160  147  159  155  156  155  158  150  150  154  157  151  143  158  150  155  153  152 
 155  146  144  146  153  153  151  157  145  145  152  144  154  151  160  149  145  157  158  151  150  156  148  155  153 
 145  151  146  152  145  154  156  152  148  150  142  144  157  147  155  161  160  147  160  150  151  158  147  150  148 
 144  156  156  154  142  147  160  154  154  155  151  145  141  161  146  145  159  155  160  158  156  151  159  144  160 
 148  144  156  146  148  153  143  161  155  150  141  147  144  155  158  149  156  159  157  161  159  152  151  156  147 
 153  148  151  144  158  157  160  143  146  152  148  148  146  157  148  155  142  144  153  151  141  153  148  151  151 
 147  148  152  141  160  160  154  143  157  150  144  141  158  156  149  144  143  147  154  159  149  158  153  161  151 
