 147  147  155  155  142  145  138  147  155  153  147  150  154  153  139  156  138  152  140  137  146  145  155  141  155 
 143  147  145  137  146  137  137  145  142  146  147  155  144  143  145  138  142  141  143  140  145  140  146  146  151 
 156  155  147  142  143  148  151  146  157  151  147  145  138  157  156  138  145  143  147  149  151  154  156  157  142 
 154  155  146  147  154  146  143  140  154  154  157  143  156  153  153  146  155  155  147  157  145  154  149  137  149 
 149  154  141  137  147  139  149  139  138  139  146  142  157  145  141  143  146  137  139  156  157  138  145  138  147 
 147  157  141  148  148  147  153  151  157  137  145  139  139  150  151  144  150  140  151  137  150  154  140  150  154 
 157  154  148  152  146  149  147  137  140  143  156  157  143  138  147  148  141  139  143  151  153  147  147  154  142 
 156  142  148  141  142  145  152  147  155  144  138  137  150  145  138  152  151  142  142  144  148  145  151  142  142 
 141  148  140  145  149  146  156  153  147  144  148  154  143  137  156  146  153  143  149  148  139  155  156  147  146 
 153  151  147  150  156  140  156  143  152  147  142  148  143  152  141  139  140  144  138  149  140  147  141  154  152 
 141  150  141  147  148  156  139  143  156  142  147  142  137  153  150  151  140  147  137  143  150  145  145  144  151 
 148  152  156  144  138  151  148  151  142  149  153  147  148  138  157  156  141  154  151  137  137  140  138  144  156 
 143  141  157  137  155  151  157  142  155  152  156  148  147  147  144  151  138  148  153  138  155  150  153  156  153 
 142  137  150  139  144  157  141  147  155  156  148  142  153  147  140  146  146  153  154  140  157  147  156  138  145 
 144  146  156  147  154  137  140  138  147  142  142  157  140  141  147  146  139  157  152  149  146  148  148  149  149 
 151  149  146  150  157  137  148  149  154  149  155  156  139  140  141  147  144  147  155  155  152  155  152  145  145 
 139  157  139  153  151  152  144  143  153  144  157  147  141  151  144  142  147  148  148  139  157  138  139  157  156 
 146  147  141  145  152  143  150  148  157  147  156  145  145  145  147  155  150  147  142  155  142  156  146  147  156 
 137  151  153  154  139  143  138  150  140  146  143  152  146  156  153  157  143  140  147  141  156  156  149  154  141 
 151  148  140  145  151  154  141  148  157  150  151  150  154  140  138  151  152  137  149  147  144  155  146  151  153 
 152  150  137  141  146  149  145  157  145  142  143  156  144  157  152  137  156  137  139  152  147  141  145  150  149 
 142  141  150  151  137  145  154  142  156  146  151  156  156  137  143  157  145  145  152  147  143  147  152  140  151 
 146  148  157  151  156  141  146  152  144  157  148  150  137  139  145  137  138  148  144  140  157  153  147  149  141 
 144  148  143  138  137  157  138  154  156  144  143  152  152  144  145  146  145  150  155  146  153  148  156  147  150 
 141  156  154  148  145  144  155  146  147  154  148  143  155  137  152  152  152  141  142  141  149  155  141  140  147 
