  69   63   76   71   73   66   77   76   66   75 
  70   69   75   71   73   67   74   60   73   67 
  72   71   69   70   60   74   60   75   79   78 
  65   66   71   69   64   60   66   76   61   62 
  73   66   59   66   69   76   61   69   70   66 
  60   63   71   62   62   69   78   68   71   69 
  73   72   75   78   78   67   69   71   74   77 
  76   61   63   66   71   66   62   69   71   75 
  59   77   65   73   69   71   72   63   69   68 
  78   60   77   75   79   79   69   77   63   69 
