 107  114  104  103  113  102  105  107  106   97  102   97   97  103  102  109 
 112  107  112  110  108  113  100   98  105  112   98  102  112   97  100  100 
 108  115  107   98  116  117  101   97  102  107  110   98  117  107  116  114 
 109  104  109  107  101  112  105   97  113  111  103  101  112  115  101  104 
 103  102  102  109  107   97  113  115  108  112  111  112  102  103  100  116 
 111  117  108  109  110  107  116  107  114   99  115  116  104  103  101  112 
 113  114  117  104  109  113  107  116   99  105  115  111  115  111  112  108 
 105  103  116  104  106  116  105  107  101  111  111  102  113  109  100  115 
 112  103  114  115  111  112  110  111  107  105  102  114  116  113  100  117 
  97  110  113  102  104  107  109  102  101  107  102  101  111   97  110  107 
 104  110  100  115  100  107  114   99  103   99  107  108  117  102  103  113 
 105  103  117  110  101  102  117   97  104  110  108  107   98  117   97  102 
 113  116  108  100   98  113  112   98   98  100  117  113  107  105   99  117 
 104   98  106  112  112   97   99  116   99  102  100  101  109  107  100  100 
  98  101  108  101  105  108   97  103  117  101  103   98  111  112  107  100 
 102  111   97  107   98  103  111  112  106  115   97  114  103   98   97  107 
