   3   -3  -10    8    0   -2   10    2   -1    0   10    0    3   10    8    9 
   6    2   -9    9   -7    7    4   -9   -5   -6   -2    4   -1    0   -6   -1 
   5   -8    0   -8   -1   -6    5    8    3    2   -4   -7    2   -7   -8   -5 
   8   -7   -9    2    8    5   10   -7    7   -2    5   -4    6    7    3   -1 
   7    6    1   -5   -1   -7   -7    1    6   -1    4   -5    0    6    0   -5 
   8    1   -7    5   -7    3    6   10   -4   -2   -7   -8   -6    7   -1   10 
   2   10   -6    0   -7   -5    0    7    2    3   -9   10   -4   -1   -6   -7 
   8   -5    9    9   -6    2    6    0  -10   10    0   -8    4    9   -9   -7 
   9   -4    2   10   -1    0    6   -9   -1    5    9   -3   -9   -7    0    7 
  -4   -4    5    0    7    0    9    7   -1   -5    9  -10   -3    9   -6   -7 
  -8    6   -8    1   -5    6    0   -6   -2   -1    4   -1    0    9   -5    4 
  -7    8   -8   10   -3  -10    6    5   -2    2    5    3    0    7    4    2 
   2    6   -9    6   -1    1   10    7    8   -2   -7   -5   -5   -4   10   -1 
  -7   -9   -4    1   -9   -9   -7   -3    2    8    9   -9    5    2    2   -6 
  -4    3    8    5   -9    5    0   10   -8    1   -6   -3    8   -9    3  -10 
  -8  -10   -1   -9   10    2   -3    1   -2   -7    1   -8    5   -8   -6   -1 
