 -88   -2   -7   -5   -9   -5   -3   -4  -10    2   -5   -6    9   -4    9   -5 
   2   56    8    3    3    1    6    3    0   -4   -1  -10   -4    3   -4   -3 
   2   -8   69    2    2    7    4   -2   -8    1    3    1  -10   -6    5    7 
  -3   -2   10  -89    5   -4    3    9    9    9   -4    4   -4    6    6    8 
   2   10    3    2  -72   -5  -10   -1   -2    5   -5   -8   10    0   -1    7 
  -7    5   10   -9    3   90    4    8   10   -1    3   -5    5   -5   -8   -3 
   3    6   10    9   -2   -6   70   -4    4   -1   -8    6    0   -5    0   -2 
   1    9    8   -2   -5    1    3  -77    4    6   -5   -2   -4    6   -9   -7 
  -3    2    4    9   -9    6    4   -1   94   -9    5   -8   -9   -4    9   10 
   0   -7   -9   -7    7   -6   -1  -10   10  -88   -7    1    9   -2   -8    0 
  -5    8   -1   -8    9   -7   -6    8   -3  -10 -109   10   -6   -6  -10   -7 
  -5    5    7   -6   -7   10    3   10   -3    3   -1  -77    3    2   -2   -9 
  -8    7   -9    0    8    9   -3   10  -10   -3  -10   -6  112   -5    9   10 
   7   10    9   -7    0   -5    2   -8    7   10   -7   -1   -7  -99   -6   -8 
   9  -10    9   10   -5    7   -7   -2   -9   10   -5   -4    7   10  112    3 
   8    2    4    2    1    7   10    2  -10   -7    2    2   -8    1    2  -70 
