  64   -1    1    6    4    5  -10   -3   -3    7    1   -3   -8    3   -6    0 
   6   65    0    6    5   -3    2    5    2   -5    9   -1    4   -1    6   -6 
   7   -6   80   -6    9   -3   -1   10   10    1   -1   -1    6   -6    1   -7 
  -2   -3    8   71    0    4   -3   -7   -8   -8   -5   -4    1   -8   -2   -6 
   1    3   -6   -2   68    3    6    7    5   -4   10    0   -2   -2    7   -5 
   8    3   -2   10    5   93   -4   -7    6    4   -3   10    9    7    2  -10 
   3    8    0   -5   -8   -1  -61    0    5    0    3  -10    7    0    1   -6 
   6    4   -4    1   -5    2   -2   67   -2   10   -8    0    1    4   -4  -10 
  -3    2    6   -8   -9   -4   -8    6   96    4    8   -8    7    4    6   -9 
   3    1  -10    9   -2   -9   -4    9    3  -87    7   -1    8   -6    9    1 
   8   -4    3    2    8   -1    4    3  -10   -3   80   -8   -7   -6    1   -8 
  -7   -4    6    6    9    3   -8    4    5   -9   -5  -91    9   -8   -6    0 
   7   -5    3    7    0   -6    7    3   -2   -2    5   -2   70    6    4    9 
  -1    2   -6   -7    3   -1   -9   -1    1   -6    7   -8   -6   70   -5    5 
   9   -6   -5   -4    0  -10    4    5    4   -5    1   -5    6  -10  -87   10 
  -2   -7    4    7   -3   -1    9   -1   -9   -9   -7   -3    4   -9    1  -78 
