-100   -1  -10   -4   -4   -6   -6   -9   -8   -8   10    9    4   -7    4    6 
  -7   97    2   -9    3    6   10    7    8    7    8    9   -6   -4   -3   -6 
  -4    4  -69   -3    5    0   -7   -2    1    8   -6    3    4   -5    9   -4 
  -9   -7   -7  -94   10   -9    6   -7   -5   -7   -5    3    3    2   -3   -7 
   3   -9   -3   -9  -82   -1    2    1    4   -2    5    9    8    4   -9    9 
   8   -3  -10   -8   -2  -97    4  -10    6  -10   -7    4   10    4    3   -4 
   6   -3    9   -3    5    3   76    0   -4   -5   -1    6   -6   -6   -8   -8 
  -2    9   -2   -7    9   -1    5   93  -10   -4   -9    5    6    7   10    2 
  -6   -3   -8   -2    2   -1   -7    4   78   -7    7    9   -1   -8    5    7 
  -7    7   -2   -7   -8   -1    7    6   -6   66   -3   -2   -2   -1    3   -1 
   8    9    7   -1  -10    1   -5   -1    2   10  -80    6    0   -5    2    8 
  -5   -7   -2   -1    9    4    5   -5   -8   -3    4   68    0   -1    5   -5 
   4   -9   -9   -5   10   -7  -10   -1   -1    1   -5    6  -81   -2    9    1 
  -6   -1   10   -5    6    1  -10   -6  -10    3   -3    5   -5   86    6   -5 
  -2   -6   -8    7    5   -3    0    8    5   -2   -3   -1   -7   -1  -70   -8 
   2    3    3    0   -5   10   -6   -1    9   10    4   -6    3   10   -2   77 
