 -64    7   -3    7   -4    1   -3    5   -4   -9   -5    1    6   -2   -2   -3 
  10  104    8   -9   -3   -6   -5  -10  -10   -3   -5    6    6    9    2  -10 
   1   10   99    7  -10    5   -5    4   -8    4   -9    3   -8    9   -3    8 
  10   -8    4   85   -3    7    5  -10    6   -5  -10   -2   -9   -1   -4    0 
  -8   -1    9   -5   90    8    6  -10    6   -8    6    3    5    5    3   -4 
  -7   -5    9    7    0   74   -8   -1   -4   -2    8    0    3   10    7    1 
  -2    8    6   -7    9    2  101    3   -6   -4    7    7   -7   10  -10   10 
   7    7    6   -8   -6    3    0  -71    0   -4   -5    1   -9    3   -2    6 
  -3   -3    7    1    1    2   -4    5   59   -4    4   -5    2   -2   10   -3 
   8    6    7   -2  -10   -9    7   -9    3   94    5   -4   -3   -9    2   -7 
   5    7    7   -6  -10   -1   -3    2    5   -6  -92   -7   -5    7    9   -9 
  -9    9    9    4   -9    3    8   -2    3   -1   -1  -85    2   -8    8   -4 
   5   -1   -3   -2    3   -6    1    8   10   -3    8   10  -85    9    7   -8 
   3   -3   -7   -5    7    0   -4   -2    0   -7    4    4    9  -68   -8   -4 
  -2   -7    1   -3    0   -2   -3    4   -6   -9    4    4    7   -3  -66   10 
  -3    7   -6    8    8    7   -1    7   -7    0  -10    6   -8   -4    9  -94 
