 136    0   -8   -8    5    2    9    0   -8   -6    0   -3   -7   -6    8   -9    9   -5    7   10    1    2   -8    6   -8 
   4  111    2   10    1   10   10    2    5    1    0   -8    3    4    2    9    5    6    4    7    2    7    1    1   -4 
  -9   -8 -131    5    4   -1   -4    1  -10   -4    0    2    9  -10   -9    9    2    4    0   -2   -4   -7   -9  -10    5 
  -7   -8    1 -139   -7    1    4    7   -7   -7  -10    4   -9   -6   -6    1   -8   -8    0  -10    2   -7   -2   10   -2 
  -2   -7    6   10  147    8   -2    8    9    8    1    5  -10    2    6    4    1   10    8   -9  -10    9    2    9    0 
   0  -10    6   -1   -1  128   -6   -4  -10   10    2    8    8   -3   -4    3   -3    7   -4   10   -3   -7    7   -3   -7 
 -10   -7   -1   -5    1   -2 -122   10    7    4   -9  -10    4    9    0   -1    6    8    4   -4   -6    0    0   -7    5 
  -9    5   -1    6    5    2   -5  120   -8    3    9   10   -3    2    9   -5   -4    5    5    3   -1    2   -4    5    5 
   6   -1    7    2   -2    1   -9   -6 -112    3   -1   -7    4   10   -9    1   -6    4   -2   -1    8   -8   -9    0    1 
  -6   -4    0   -3   -9    7   -9    4   -5  126    5   -1    4   -5    6    8    7    3    9   -2    7    0    6   -7   -5 
   6   -3    6    0   -1   -9    8    4   -9    5 -115    5   10   -6   -3   -4    7    0   10    4   -3    2    2    3   -4 
  -1   -5   -9    3    9   -4   -1   -4    5   -2   -6 -146   -1    9  -10   -9    6   -7   -4   10   10    7    9    3   -9 
   4    6  -10   10   -8   -4  -10    5   -8   -5   -9   -1  145    0    3   -4    9   -1   -6    9   -8   -3   -6   -9   -6 
   5   10   -3    8    3  -10    6    0   -8   -9   -1    5   -6  134    7    1    1   -6   -7    7  -10    0   -9    9    2 
   3    1   -9    0   -7   10    7    9    0    5    5  -10    7    6  113    1    8  -10   -5   -2    1   -1   -1   -2   -2 
  -4   -2    1   -3  -10   10   -1   -2   -7   -2   -8   -9    8    7    6 -124    3    0   -8   -8   -5   -8   -5    2    2 
   8  -10    8   -6   -4   -5    3    4   -6    3  -10    0    6   -4    3    5  146   -1   -1    8  -10    9    8  -10   -9 
   1    0    6    2   -5    4   -3   -1  -10    0   -9    2    2    2    0   -8   -3  -97    5   -8    5   -9    1    0   -9 
  10   -4   -6   -7    8    4    9   -3    7    1    4   -5    1   -9   -6  -10    4    7 -148    6   -9   -9   -2   -7    6 
  -4   -1    7    2   -4   -7    6   -1  -10   -3   -4   -3   -7    7    9   -4   -5   10   -2 -122    3   -8    1   -4   -6 
  -5   -3   10    6    1   -2    2  -10    2    5    4   -9    3  -10   -5   10   -9   10    8   -5  134    6    2   -3   -2 
   5    6   -3   -4   10    2   -7    5   -9    1   -4   -9   -9   10    4  -10    2    2   -5    0    4  132   -5    7   -4 
   1   -1  -10   -4   -9    6    1   -5    3  -10   -1   -3   10    8    2   10    9   -1    3    7  -10   -6  130   -2    6 
   3   -1    4    9   10  -10    9   -7   -9    3    4   -5   -5    3    2    1    2   -3   -8    1   -6   -1   -9  123   -3 
   6   -9   -7   -1    2    3   -8    1    0   -7   -1    4   -8   10   -5   -5   -5    6    5    6   -2   -8    6    7  126 
