  58   -5  -10   -3    1    9    4   10    2    9 
  -4  -52    4    2    6   -1   -8   10    8    7 
   0    5  -40    1   -4    8    3    5   -7    3 
   1    4    2  -44    1   -9    8    7    7    1 
   9   -2   -1    6   37    0    2    5   -6   -4 
  -7    8  -10   -6   -2  -55    7    9    3   -2 
  -3    5   10   -7   -4   -6  -54   -8    0   10 
  -3   -1   -3   -1    5    0    7   35   -5    7 
   6    7   -1   -2   -6   -4    1    1  -34   -2 
   2   -6   -3   -8   -9   -8    5   -2   -1   49 
