  77    8   -2   -6    8   -9    0   -4   -6   -2   -8    6   -2    3    4   -8 
   3   71    3   -9   -2    3   -4    2   -8    4   -2    9   -1    7    5    5 
   6   -2   89  -10    4  -10    6   -9    3   -3   -7    6    5    5   -6   -3 
   8   10   -9  -91    2   -3    7  -10   -7    1    3   -9   -8   -1   -2    9 
  10  -10   -9    0   89   -8   -4  -10    5   -2   -3   -2    8   -5   -4    7 
  -7    9    6   -4   -3   77   -5    0    5    3   -2   10    3   -5  -10    2 
   4    8   -4   -1   -5    1  -84   -8    4  -10    7    7    6   10    3    1 
  10   -2   -2    2   10    4    2  -79    8    0   -9    1    6    5   -4   10 
  -2    5    1   -8    5   -3    7    1  -69   -3   10   -5   -3    7    1    3 
  -5    9   10   -8   -2  -10    1   -9    4   88  -10    3   -5   -4   -3    4 
   9   -8   -1   -8    0   -4   -3    5   -7    8   73    2   -4    1   -2   -7 
  -8   -9    7    4    6    5   -4    9  -10    2    2  -77    0    0   -1    7 
  -8    5    2   -5    0   10    5    6    0   -8   10  -10   93   10   10    0 
  -8    7   -1   -9   -2    9   -4    6   -2    5    2    6    0  -73    0   -9 
 -10    1    4   -2    1    1   -4   -5    0   -7    5  -10    6    6   72   -8 
 -10   -8    9   -4    5   -1   -9   -6   10   -1   -7    7   -4   -9   -5  100 
