 148   -7    9    7  -10   -7   -8    9   -9   -9    4   -1   -7    1   10   -9   -4    5   -8   -5    0    6   -2    6    2 
  -2 -112   -6   -9    4   -3    8   -2   -5  -10    0   -7   -9   -1    6   -2    3   -6   -5    2    0    8    2    5   -3 
 -10    7 -157   -7   -7  -10   -5   -6    3    2   -9  -10    7   10    1   10    9    8    5   -6    0    8   -1  -10   -3 
 -10    1    8  129    1    2   -8    2    5   -8    7    7    3   -4    6    4   -8    3   -8   10    1   10    3    5    0 
   0    7   -3   10  143    8    7    6   -4   -1    6    8   -9    8    2    7    1    8    2   -8   10   -7   -6    8    4 
  -1    1    8    0    9  144    6    9   -1    1    5   -8    8   -9    8    3   -9    3   -7    8   -9  -10   -3   -7    9 
   4   -6    1   -7    1   10  115    9    9    2    2    7  -10   -7   -1   -8    9   -1    8   -1    0    1    2   -5    2 
   6   -3   -8  -10  -10   -6    1  123    3   -1   -9   -1   -3    1   -9   -9    2   -8    0    2  -10    7   -2   -3   -4 
   1    0   -2   -9   -7    5   -9   -6  136   -7    3    6    6   -9    7   -8   -4   -3   -7   -3    7   -7    6   -3   -7 
  -1    7    1   -2   -5    9    6   -4   -8  118   -3   -6   -8    0    7    8   -7    7    2   -4   -8    7   -3   -2    2 
   9    2    3    1  -10   -1   -9   -4    5   10 -134    9   10   -3   -6   -7   -3    2    9   -6    4    3    4   10    3 
 -10  -10    3   -9    7   -5    5   -5   -5   -9   -4  148    4   -7   -1    3   -7    5    5   -6   -9   -4   -8   -6    8 
   5   -4   -6   10   -4   -6    2   -4    9    5  -10   -7  127   10   -3   -2    4    1    7   -6    2   -1    9    4    1 
   5  -10   -3    0    5    3    5    2    8    7   -6   -7    6 -146   -9    9    7  -10   -4   -8    4    5    8    8   -4 
   8    7    7    2   -1    5   10   10   -1    2    2   10   -3   -2  124    0   -7    8    1  -10    3    2   -6    5   -7 
  10   -8    9    3   10    5   -3    2   -6   -9   -1   -9   -1    9    3 -149   -4    9   -1    6   -8   -6   -5  -10    7 
   2    8   -8   -7    7   -6   10   -2   -9    5    5    3    7    7   10    6 -148    9   -2    1   -6   -4    8   10   -4 
  -4    7    9   -2   -2    5    0   -1    1    2   -1    9    4   -9    2   -6    6 -114   -6    1    1  -10    9   10   -6 
  -9   -3    4   -4    3   -2   -8   10    6    5   -1   -7   -4   10    2   -8    1    1  125    5   -4   10    7    7   -2 
  -5    9    3    8  -10   10    0   -6    1    8   -4    0    2   -9    7    5   -5    6   -6  143   -4    5    8   10    9 
   3   -7   -1   -5   -4   -3    6   -6   -3    6    2    1   -6   -1    6    4  -10    5   -2    3  110   -6    7  -10   -2 
  -5   -3    1   10   10    2   -2   -8    8    3    9   10    9    2    1   -1    6    9   -8   -3    7  127    5    0    2 
   3   -7    6   -2   -2  -10    9   -3  -10    0    3  -10   -4   -6    9   -5   -8    0    5   -1   -7    3 -118    0   -3 
   7    7    8   -9   -1  -10    5    5   -1    5    2    6    3   10   -3    4   -5    1    0   -1    3  -10   -7  127   -9 
   0  -10    8    3    6    2    0    7    9   -1    1    3    8   -5   -6    1    7   -6    8    0   -3   -4   10    6 -116 
