  49    6   -7   -2   -4    3   -8   -7    3   -6 
  -1  -39   -6   -2   -4    2   -5    9   -4    2 
  -3   -2  -55   -1    9   -5    9   -6  -10   -9 
   4    3   -2   52    5    9    3   -7    8    7 
  -4    3   10    3  -42   -7    8    0   -1    3 
   9    6   -2    7    7  -48   -9    1   -2    0 
  -4   -3   -6   -9   -9    2  -50   -2   -5   -8 
  -7    8    6    3   -2    3    7  -48   -2   -6 
  10   -8    4   -4    0   -2   -3    6  -40    1 
  -9    9   -8   -6  -10  -10    0   -8    6   69 
