 -52   -1   -8   -9   -4    3  -10   -2   10   -4 
   5   52   -5   -3   -8    2    3    8   -7   -6 
   7    5   56    0   -9    7    4   -9   -7    6 
  -4    9    6   46   -5    3   -1   10    2    2 
  -6    8    0   -3   51   -2    4    5  -10    9 
   3    8   -9    7    2   68   -7    8  -10    9 
   2   -2   -8   -9    9   -3   57   -8   -5  -10 
  -3   10    8   -3    6   -9   -3   57    8   -4 
  -4   -4   -4   -6   -8   -4   -3    2   40   -3 
   5   -6    2    8   -6   10  -10   -1    7  -59 
