  62    3    8   -9   -3    8   -9   -8  -10    1 
  -4  -34    4   10   -4    4    0    1   -2   -3 
   1   -3  -54    6   -7   -1  -10   -3   -9    9 
   4   -3   -1   47    8    5    4   -8    4   -5 
   9   -3   -2   -4  -48    6    1   -5  -10   -5 
   5   10   -1    6    6  -49   -8    0   10    1 
  -7    4    6    7    9    3  -64    8    8   -8 
   6    1    4    6    6    3    8  -43    0   -6 
   7   -4    2    5    5    1    0    8   42   -7 
   4   -2    7    1   -2    6   -9   -7   -4  -45 
