 -64    6   -6    9    1  -10  -10    7  -10    4 
  -2  -50   -4    0   -9    5   -1   -9    9   10 
   0   -6   57    6   -6   -7    8    3    7   -9 
  10   -3   -8  -63  -10  -10    2   -2  -10    6 
  -1   -7   -9   -3  -56    8    8    0   10   -9 
  -8   -9    4   10   -8   63   -6   -8    0   -6 
  -6    0    7   -8   -5    1   42    2    2   -7 
   9    5   -9    8    4   -5    9  -60   -4    3 
   4    8   -3   -7   -9   -3    2   -6   49   -3 
   8   -2    0   -1   -1   -4    9   -3    9   41 
