-105  -10    1    8    3    8    2    4   -1   -3    4    3    8    4   -3    5    3    1    0   -6   -6    6    1  -10   -1 
  -3  112   -1   -3   -7   -2    8    9    9    5   -2    2   -9    3   -5    5    1    7   10   -5   -1    1    5    1    3 
   3    7 -135    1   -8   -7  -10   -1   -4   -2   -4   -8   -4    9    0    6   10   -8  -10    2    3    7    2    8   -6 
   5    3    9  150   -6    5    5    5    5    8    5   -7   -9  -10   -3   -7   -6   -5    3   10   -7    6   10    5   -2 
  -6    9   -8    2  122    4   -2   -7    8   -9    9    2    6    4   -5   10    6   -5   -4    7    0    0    0   -1    3 
  -5   -1   -9   -2    1  100    0   -7   -4   -9   -1    0    7    0   -4   -3   -4   10    2   -7    5    5   -3    0   -8 
   0   -3  -10    7    3   -1  121    9  -10    3   -4   -9    7   -2    0   -4   -6    9    2    1   -6    0  -10   -3   -8 
   2    6   -1    1   -5    4   -1  126   -4    9    5   -8    7   -3   -1    6   -6    7   -7   -2    9   -9    9   -2   -7 
  -2    0   10  -10  -10    6   -3   -1  131  -10    9    9   -5    5    3   -3    1    9    6   -6  -10    0   -3   -2   -3 
   3    0    0    9    7    9    9    7    9  140   -9   -3   -2   10   -7   -4   -6    8   10    0   -4    6   -7    0    6 
  -9    9   -8   -6    1    0    4   -3   -6    0 -136    9   -2    5   10    4   -7   10    7   -3   -9    5   -6   -1  -10 
  -1    5   -6   -6    5  -10   -6    9   -1    2    0 -123    7  -10   10    5   -2    2    3   10    3    0    7  -10   -1 
   9   -3   -6    1    6    7    3   10   -1    1   -9   -3 -126    4    6    3   -2    6    0  -10   -9   -8    1   -9    5 
   3   -2   -6    8   -4   -1   10    5   -5    4   -5   -8   -9  145   -8   -4    3    4   -9   -5   -9    7    6   10    9 
   8   -2   -1    3   -9    5    5    7  -10   -7    4    5   -4   -3 -117   -3   -4    3   -1    3   -5   -8    4    1   -9 
 -10   -3    8   -1   -8   -5    7    5   -4    1   -3  -10    0   -2    4  138    5   10  -10   10   -5    3   -2    8    9 
  -3    1    9   -1   -1   -5   -4    7   -3    1    3   10    6   -9   -6    4  108    2   -2    4   -6   -5    4   -7    0 
  -4   -8    9    6   -3   -3    4    4    5    7   10    1   -9   -1   -9    9   -8 -143   -8    6    2    2   -9   -7    7 
   8    5    9   -3    9   10   -7    2   -6   -1   -7    9   -7    8    6    2    9   -8 -158    5   -6    1    7    9  -10 
  -7   -8   -6    6    9    7    5   -5    3    2   -4   -6    6    5   -3    2    6   -6   -2  128  -10    0    8    5    3 
  -1   -1    5   -4    1    6   -2   -4    4   -6    9    7    5    0  -10    9   -6    6   -7    6 -129   -5   -9    7   -7 
   8  -10    9   -6   -1   -4   10    5    5    3   -7    9   -4   -5    8  -10  -10   -5  -10    7   -1  165  -10   -7   -7 
   8   -3    2   -1   -8    2   -4   -5    9    0   -8    4   -6    5    5   -8    9   10    8    9    8   -7  138    5    0 
   1    4    6    4   -1  -10   -7    6   -9    4   -9   -4    2   -1   -2   -7    3   -8    8    4  -10    6    1 -121    3 
  -5   -8   -9    8    3    3    2   -4   -9    0    0    6    1   -9    7    7    3   -4   -6    7    7   -6    2    0  117 
