 -98    2    8    2    7   -1   -9    6   -9  -10   -9   -8   -8    5   -1    9 
   8   94   10   -5   -5   -7   -8    5   -3    5    6   -7   -5   -6    3   -8 
   1    5   65    0    3   -6    3    6    7   10    2    1    5    0   -9    4 
   7    5   -9   82   -3    6   -5    2    8    9    4    2   -5   -5   -6   -2 
   0   -5    1   -6  -80   -8    6    7    0    7    0   -6   -9   -3    9   -9 
   7    2    7    4    0  -66   -7    6    4   -2   -9   -6   -7   -1    0    2 
   2   -2   -3   -8   -7    7  -97   -8   -9   -7   -7   -2   -4    8  -10   -9 
   0    3   -7   -9    9   -8   -5  -71   -1    3    1   -8   -7   -7   -2    0 
  -6   -3    2   -6    0    5    2    5   75    2    4   -8  -10   -7    3   -9 
  -8   -3    1    1    9  -10    3   -9   -9  -75   -1   -6   -2    1    1   10 
   3   -5    4   -7    5   -3   -7    5   -2    6  -71    0   -5    7    5    5 
   3    7    0    4    6    9    8   -7   -2   -2   -9   80   -3    2   -5    9 
  -7    6    3    1   -1   -3    9    5   -9    4   -3   -5  -82   10   -9    3 
  -1    0    8    7    6    7    8   -7   -2  -10   10  -10  -10   97    6    4 
   9    1    8    9   -6   -8   -7   -6   10   -8    7    2    9   -4  102    4 
   1    6    6    7    7    4    8    7    7    1   -2   -2    4   -5    9  -77 
