 100  110  110   92   90   97  106  106   91  104  100  100   95  100  101   95 
  93  100  100  103   94  103   94   90  108  103  107   97  103  105   98  103 
  92  105  100   96  101  107  107  108   97   99   95  105   94   98  101  106 
 101   98  109  100   92  105  109  106  102   97  101  102  109  104   99   95 
  92  110  110  102  100   95   96  103  104  110  101  105  107   92   93  106 
 103  103   94   95   91  100  109   90  102   98   98  107  100  103  106  100 
 105  103   90  101  105  104  100  102  107  101   99  103  110   92   95   95 
  93   98  102  107  107  110  104  100  105  100  109  110  107  106  105  110 
 103  105   93  102   98  103   94   97  100  102  105   96   91  109  105  104 
 106  101   92  100   93   92  102   90  109  100   91   95  108  105   91   91 
 104  104  108  101   96  103  110  100  103  107  100  101  101  110   92  105 
 108   91   98  109  100  100   95   98   97   97  102  100  108   98  100  107 
 102   91   98   95  109  104  108  101  103   92   98   95  100   98   99  108 
 100  103  100  109   90   91  105  110  102   97  107  103   95  100  107  105 
  99  106  100   94  109  109   99   98   97  109   96  107  108  109  100  100 
 104  105  102   95   91   99   90   99  110  110   96  108  107  105  104  100 
