  59   61   61   55   66   52   64   54   57   68 
  57   59   68   59   59   53   53   57   61   54 
  51   49   59   59   52   51   60   67   64   52 
  58   49   67   59   69   61   57   57   55   58 
  63   53   55   54   59   69   62   64   49   68 
  50   67   54   65   52   59   59   62   59   58 
  52   52   49   60   62   51   59   55   56   68 
  68   56   63   49   57   49   56   59   68   62 
  53   69   65   66   58   60   58   62   59   60 
  63   65   68   52   64   64   52   64   53   59 
