 102  100   94  100   95  103  111   96  111  112  111  110  110   97  103   93 
  94  102   92  107  107  109  110   97  105   97   96  109  107  108   99  110 
 101   97  102  102   99  108   99   96   95   92  100  101   97  102  111   98 
  95   97  111  102  105   96  107  100   94   93   98  100  107  107  108  104 
 102  107  101  108  102  110   96   95  102   95  102  108  111  105   93  111 
  95  100   95   98  102  102  109   96   98  104  111  108  109  103  102  100 
 100  104  105  110  109   95  102  110  111  109  109  104  106   94  112  111 
 102   99  109  111   93  110  107  102  103   99  101  110  109  109  104  102 
 108  105  100  108  102   97  100   97  102  100   98  110  112  109   99  111 
 110  105  101  101   93  112   99  111  111  102  103  108  104  101  101   92 
  99  107   98  109   97  105  109   97  104   96  102  102  107   95   97   97 
  99   95  102   98   96   93   94  109  104  104  111  102  105  100  107   93 
 109   96   99  101  103  105   93   97  111   98  105  107  102   92  111   99 
 103  102   94   95   96   95   94  109  104  112   92  112  112  102   96   98 
  93  101   94   93  108  110  109  108   92  110   95  100   93  106  102   98 
 101   96   96   95   95   98   94   95   95  101  104  104   98  107   93  102 
