  48   51   51   50   38   40   40   57   54   51 
  49   48   56   51   39   48   45   45   47   53 
  48   58   48   44   49   41   53   58   54   46 
  51   53   56   48   48   43   57   38   41   54 
  46   41   51   55   48   47   38   48   49   45 
  51   54   41   47   44   48   46   57   50   43 
  51   50   42   55   46   40   48   57   44   58 
  48   57   57   39   46   58   43   48   56   48 
  45   58   40   58   45   55   43   38   48   48 
  53   41   54   38   40   52   47   53   50   48 
