  63   57   69   54   62   73   73   56   73   59 
  65   63   67   63   72   58   64   72   54   53 
  63   69   63   57   69   70   55   60   56   72 
  53   66   71   63   73   73   61   65   73   57 
  64   70   72   66   63   55   55   63   53   72 
  71   72   59   53   71   63   69   71   63   69 
  69   63   56   71   68   62   63   61   61   70 
  54   58   72   55   59   68   54   63   67   60 
  59   55   66   70   72   66   61   69   63   66 
  55   65   63   64   64   67   54   66   54   63 
