  97   98  107  101  101  103  103  106  105  105   87   88   93  104   93   91 
 104   97   95  106   94   91   87   90   89   90   89   88  103  101  100  103 
 101   93   97  100   92   97  104   99   96   89  103   94   93  102   88  101 
 106  104  104   97   87  106   91  104  102  104  102   94   94   95  100  104 
  94  106  100  106   97   98   95   96   93   99   92   88   89   93  106   88 
  89  100  107  105   99   97   93  107   91  107  104   93   87   93   94  101 
  91  100   88  100   92   94   97   97  101  102   98   91  103  103  105  105 
  99   88   99  104   88   98   92   97  107  101  106   92   91   90   87   95 
 103  100  105   99   95   98  104   93   97  104   90   88   98  105   92   90 
 104   90   99  104  105   98   90   91  103   97  100   99   99   98   94   98 
  89   88   90   98  107   96  102   98   95   87   97   91   97  102   95   89 
 102  104   99   98   88   93   92  102  105  100   93   97   97   98   92  102 
  93  106  106  102   87  104  107   98   98   96  102   91   97   99   88   96 
 103   98   87  102   91   96  107  103  107   94  100   92  102   97   91  102 
  99  103  105   90   92  100   97   89   92   99  100   98  104   98   97  105 
  95   94   94   97  102   87  103   98   88   87   93  103   94   87   99   97 
