  62   59   54   71   65   54   71   70   72   61 
  66   62   58   52   66   58   62   61   64   65 
  61   65   62   56   69   63   72   65   71   53 
  58   65   63   62   54   57   58   70   58   67 
  53   65   64   66   62   56   61   67   72   67 
  57   52   63   56   56   62   70   62   52   61 
  69   58   56   55   53   59   62   54   54   70 
  56   61   58   56   56   59   54   62   62   68 
  55   66   60   57   57   61   62   54   62   69 
  58   64   55   61   64   56   71   69   66   62 
