 154  144  150  151  158  154  151  158  154  162  153  145  159  159  153  153  146  154  163  145  159  155  161  160  154 
 150  154  163  154  151  164  162  161  157  152  150  153  164  148  163  147  144  160  159  154  162  151  155  164  145 
 164  158  154  158  146  157  157  156  144  158  156  164  153  144  150  163  146  155  164  152  158  160  146  147  158 
 158  158  144  154  159  159  155  153  163  148  146  155  151  163  149  153  152  150  160  151  154  152  151  163  146 
 152  163  159  148  154  153  149  151  148  145  164  160  144  150  162  158  159  161  164  148  150  152  164  158  144 
 144  157  149  148  144  154  164  151  163  154  159  151  161  163  151  156  164  158  156  160  153  155  162  159  162 
 155  152  151  158  153  146  154  159  149  152  161  157  150  151  153  158  147  152  147  160  153  164  154  149  154 
 149  163  154  146  156  144  156  154  153  159  154  150  164  163  147  159  151  154  148  147  160  156  151  158  145 
 153  161  150  158  148  151  150  153  154  150  145  150  162  163  163  148  163  161  152  159  148  144  145  151  161 
 157  162  149  164  152  148  149  148  153  154  154  163  158  163  146  146  161  144  144  145  145  162  156  161  148 
 158  155  160  156  147  159  162  147  147  145  154  152  157  149  144  157  164  164  160  146  161  163  149  144  164 
 163  155  150  163  149  162  158  164  147  153  161  154  159  144  145  147  158  151  149  151  153  149  148  157  147 
 148  147  149  163  145  161  149  146  148  148  161  147  154  152  144  163  147  147  164  152  162  153  158  150  164 
 157  149  161  158  155  145  145  154  149  163  161  152  148  154  150  152  158  159  155  158  162  161  160  150  159 
 147  149  148  161  144  153  157  160  144  159  164  157  146  164  154  155  148  162  162  159  157  156  152  151  156 
 163  144  155  145  149  162  152  146  144  162  160  161  144  157  160  154  160  162  151  152  146  150  150  162  164 
 151  157  158  157  158  159  150  162  146  148  149  148  148  149  146  147  154  161  145  144  159  164  154  147  146 
 146  161  158  155  150  150  149  145  146  145  151  145  148  158  151  155  163  154  157  145  144  154  149  145  151 
 154  153  154  147  157  152  162  148  161  150  155  162  152  157  151  154  164  145  154  154  145  159  149  149  159 
 163  149  160  156  160  150  145  164  164  156  161  150  153  147  162  153  158  157  161  154  156  164  150  148  145 
 151  162  154  144  163  160  160  154  155  148  158  157  148  150  156  157  162  161  154  150  154  147  149  161  162 
 148  155  152  161  144  152  151  144  150  146  163  163  160  147  157  155  154  145  146  147  145  154  158  154  159 
 158  163  148  163  148  159  153  145  160  163  154  163  149  159  162  150  155  145  164  148  158  147  154  161  149 
 159  149  158  156  164  158  163  144  163  160  155  146  157  154  157  156  162  152  153  148  145  157  150  154  150 
 147  162  153  163  159  161  156  153  163  150  153  144  151  149  156  154  144  148  148  156  146  159  147  153  154 
