 100   92  102  106   92  109  100  104  106  102  108   94  102   97   96  108 
  97  100   97  109  102   97  104   98  108   96  102   91  101   93   95   95 
  94  102  100  110   96  110   94  109   97  103  107   94   95   95  106  103 
  92   90  109  100   98  103   93  110  107   99   97  109  108  101  102   91 
  90  110  109  100  100  108  104  110   95  102  103  102   92  105  104   93 
 107   91   94  104  103  100  105  100   95   97  102   90   97  105  110   98 
  96   92  104  101  105   99  100  108   96  110   93   93   94   90   97   99 
  90  102  102   98   90   96   98  100   92  100  109   99   94   95  104   90 
 102   95   99  108   95  103   93   99  100  103   90  105  103   93   99   97 
 105   91   90  108  102  110   99  109   96  100  110   97  105  104  103   96 
  91  108  101  108  100  104  103   95  107   92  100   98  104   99  102  107 
 108  109   93   96   94   95  104   91  110   98   98  100  100  100  101   93 
 108   95   98  105  100   90   95   94  100  108   90  110  100   90   90  100 
 108   93  101  109  102   91  104   94  102   95   98   94  100  100  100  109 
 110   99   96  102   99   99  104  105  100  107   95  110   94   94  100  108 
 110  108   91  104   95  101  109  106   90  101  107   93  104  109  105  100 
