-116    3    1   -7    3   -4    4   -6    7   -5   10    1   -6   -2    0    3    8    5   -9   -9   -2   10   -2   -7   -1 
  -3  120  -10    7   -6    4   -3   -3   -4    3    9   -2   -3   -9   -4    6   -5    4   -4    8   -1  -10    7    0   -4 
   0   -7  113    0   -2   -1   -1   -6    1   -8   -1    7   -4   10    5    2   -3    7    8   -8   -9   -1   -2    8    8 
  -4    3   -2 -116  -10   -1   -6   -2    8    1    7   -9   -8    9    1    9   -8    0    3    5    5   -1    2    6   -1 
  -4    7   -2   10  146    9   -4   -6    9    5   -4   -4    2    7   -9    4    9   10   -8    7  -10    0   -2    5   -7 
   9   -7   -7   10   -1  148   -5   -3  -10   -7    3   -8   10   -3   -2   -6   10   -5   -5    1   -7   -8    1    9   -8 
   5   -9  -10   10   10   -6  153    8    3  -10   -8    8   10   -4    0   10   -7    8   -4   -3    7    1    0   -5    2 
  -2    3    4    4   -2    6    3 -101    3    7   -3    0   -3   -4    1   -5   -5    7    5   -8    8    0   -2   -7   -6 
  -1   -1   -7   -8    7    7    7   -1  141    0   10   -3  -10    4    2    1  -10    8   -9   -7  -10    6    7   -7    3 
   6    1   -4   -3   10    5    0  -10   -1  115    7    6   -6   -6    5   -1   -6   -2   -9    5   -3    7    4    0    6 
   7    9    1   -5    2   -9    1    9    9   -7 -136    9    3    1    3   -4    6    7   10   -6   -9   -3   -7    4    2 
 -10    4    3   -4    0    1    7    5   -7    6   -6  129    5   -3   -4    1    8    8   -6   -6    1    9   -7    5   10 
   2  -10    7    8  -10   -2    0   -6    8   10   10    0 -159    5    4   10   -3   10   -4    7    7   -7  -10  -10    4 
  -4    7    2   -8   -2    0    7   -7    0   -6    3    2   10 -103    1    0    0   -6   -9    0    1  -10    4   -3    8 
   6   -2   -8   10    2    7   -1    5   -8    7   -1   -5   -4    2 -127    8    1   -4   -3    9    6    1    9   -7   -9 
  -3    4    1    0    0    7    0   -3   -1   -4    4   -9   -2    0    0  -78    4   -9   -3    1    1    3    8   -3   -4 
   0   -2   -8   -6    3    4    6  -10   -7    2    1   -2    9    5   -9   10  119   -1    0    4   -8   -1  -10    2    8 
  -5    8    4    0   -5   -9    0   -3    2   -6   -8    2   -5    3  -10    4    1  112    3   -1    7   -8    7    0   -6 
   4   -9    8   -9   -4    3    5    4    8    4   -8   -5   -5   -4   -5    5    1    6 -125   -6   -5    1    6    4   -3 
   5   10    1   -9    4    2   10    3    6    2   -3   -2   -2    9    0    1   -9    6    6  106   -4    0   -1   -1    5 
  -4   -6   10    4    8    7   -6    9   -2    7    6  -10    0   -4   -5    8    4   -9   -3   -6  150  -10    8    9   -3 
   4   10   -5    6   -5   -1    3    7   -6   -1   -9   -7    6    6    7    6   -5   -8   10   -7    4  142   -2    6   -9 
  10    4    9   -6   -5    7   -3  -10   10    5    3    7    9   10    8   -9    5    3    7   -1    8    9 -165    9    3 
  -2   -5    4   10   -8   -5    7   -3    0    3    2   -2    2   -4    9   -4   -5    8   -7   -6    1    4  -10  116    0 
  -2    0   -3    1    8    3   -6    6    5   -3    2   10    7   -8    0   -8    4    6  -10  -10    9    9   -9   -9 -140 
