-102   -9  -10   -9   -8    2   -2  -10    2    4   -3  -10   10    6   10    4 
  -6  -94  -10  -10    8   -5  -10    6   -7   -2  -10   -6    1   -5   -6    1 
  -8    3   57    2   -4    2    1   -5   -3    0    9    0    2   -9    6    1 
   6    8   -2  -70   -4   -3   -9    7    2   -5   -5    8   -1   -5    0    4 
  -7   -5   10    1  -81    7    9   -3    8    4    8    5   -5    2    3    3 
   8   -1    3   -1    4   84   -5   -9  -10    3    5    5   -3    7  -10   -5 
  -9   -7  -10    7    6    7   96  -10   -4   -9    1    4    8   -1   -7   -2 
  -7  -10    6   -7    2   -1    9  -74   -5    7   -7    0    0   -8    1   -2 
  -8   -2   -8   -2   -3    4   -8   -5  -76   -7    3    4    6    7    5    0 
   7    4  -10   10    0   -6   -1   10   -6  -88   -2   -9   -8   -2   -3   -8 
   4    7    7    4    8   -2   -2    1   -8  -10  -90   10   -6    7    4   -6 
  -4   -8   -9   -1  -10   -3    0  -10    5    5   -8  -87   -2    7   -5   -7 
   1    4    2    3    2    0    2    4   -5   -7    7  -10  -77   -8   -9   -8 
  -1    9    8   -9    1    8   -1    8    2    2  -10  -10    3   83    2   -6 
   4    1    6    9    5    2    8    6    3    7    8   -9    4   -6  -84    1 
  -2    2   -4  -10   -6   -6    9    7    5   -2    9    4    0    0   -5  -74 
