 -98    1    0    1    7   -7   10    0   -3    1  -10   -2   -1    4    8    1    1    6    1   -5   -9   -7   -1    3   -7 
   1  123    9  -10    9    0    1   -1   -6    2   -4    2    9    8    2   -6   -6   -6   -9    3    3    5   -7    9    4 
  -3   -2  136    5    7    6    2    6    4   10   -6  -10   -9    6   -5    3    2   -8   -7    6   -4   -3    5    7    8 
   6  -10   -7  149   -5   -1    5    9   -6   -2   -2   10   10   -3   -9    9   -4    5   -7    7   -4   -5   10   10   -1 
  -5   -8    9   -7  147    9   -4    7   -8    4    1  -10    8    8   -4    7    7    3    6    5    7    0    8    3    6 
   3   -3    5   -4    1 -123   -8    4    1    9    9   -3  -10    0    6    9   -3    1   -6   -9   -2    5    7  -10   -1 
  -8    8    7    3    0   -8  123    4    3    9    6   -6   -3    4  -10    2    3    0   -3    1    7    7    4    6   -6 
  -8    6    4    9    8    1    4  122  -10    6    1    2   -2   -1   -3    2    6   10    3   -5    2  -10    1  -10    6 
   1    1    9   -9    1    2    3    0 -122   -6   -7    5   -8    9   -7    5   -4    3   10    6   -4    9   -4    2   -2 
  -1   -8   -1    9    1    8    7    0   -2 -132   -7    6    3   -5    9   -5   -3    5   -1   10    9   10   10    5   -5 
   5   -8   -7    5   -1   -7   -9   -3    5    7 -129   -6   -5   -2   -3    9   -9    2    8   -6    8    2    3    5    1 
  -7    6   -2   -9   -2   -2   -5   -9    7   -2   -8 -142  -10   10   -5   -5   -8    2    0  -10    1  -10    6    5    6 
   0    7    8   -8   10    1   -2    9    8    6   -9    9 -146    0    9    3   -2    8    7    1    8   -2   -9    7    9 
   1    3   10    7   -8    4    3   -8    3   -7    0    0    9  122    1    7    3    9    4   -6   -3    1  -10    8   -3 
  -7   -8    4    5    3   -4    3    0   -1   -6   -8    1    8   -7 -131   -5   -8  -10    6    7    4    5    0    8   -9 
   7   -4   -9    4   -3   -9   -3   10    4    4    2   -7  -10    7   -7 -128    2   -3   -2    7   -3   -1    0   -7  -10 
   6   -7    3   -1  -10    7    0    4   -7    1    9   -8   -8    2    3   -6  123   -3   -3   -9    7    2   -3    1    9 
  -8    4   -5    4   -1   -4   -6    8   -4  -10   -5   10   -9    4    7   -9    5  154    2    9    9    7   -7   10    3 
  -9    2  -10   -8    4    2   -5   -5   10    1   -1    5    6   -3    9    5   -4    0  131   -2   -6    8    8   -8    6 
   3   -5   10    5   -3   -1    5   -3   -9   -5    0   -4   -6    9    4    9    4    9    5  118   -5   -5    6    1   -1 
   0   -4  -10    4    7   -4    1    2    3   10   -6    8  -10   -3   -3   -5    1   -5    9   -2 -130    7   -8   -4   -9 
   0    5    3    9   -6    7    9    6    2   -6   -6   -7    5   -7   -5    2   -8    3    9   -3   -9  136   -5   -3   -9 
  -5   -9    5   -6    1   -3    7   -3   -1    2   -6   -6   -7   -4   -2   -4   -9    0   -1    1    2   -9 -115    9   -9 
  -2   -1  -10    6    4   10   -1    8    1    6    3    6   -5   -6   10   -3   -3   -4    4    1   -5   -7    8 -121    3 
  -1    9   -1    0   -4    6   -2   -8   -1   -2    1   -5    9   -4    6    2   -1    8    0    5   -8    6   -2    3   95 
