 165  175  164  157  162  157  163  161  166  168  161  162  157  161  168  160  162  164  165  171  171  159  164  175  166 
 168  165  166  168  172  167  157  156  156  160  167  163  174  162  170  160  164  158  155  170  166  164  160  164  162 
 162  158  165  164  173  172  175  166  169  167  169  173  169  156  165  159  155  173  175  163  162  158  163  157  171 
 160  162  156  165  171  160  160  160  160  157  160  172  174  175  168  172  171  170  162  155  172  159  155  160  167 
 171  156  173  163  165  161  167  172  157  174  156  163  159  161  170  155  159  170  169  158  165  165  165  166  162 
 170  166  174  167  164  165  165  172  169  174  166  165  158  165  169  168  169  155  163  172  160  160  168  165  173 
 165  168  175  158  162  166  165  156  175  162  169  174  158  167  165  169  171  156  163  164  171  165  175  168  173 
 163  159  166  164  170  161  166  165  169  156  160  173  158  168  166  159  171  158  172  167  156  174  156  167  172 
 167  165  155  175  175  159  168  166  165  175  156  156  170  160  162  168  164  156  159  171  175  165  168  167  168 
 162  165  165  156  158  156  156  158  156  165  174  168  167  155  172  169  171  157  155  165  169  159  172  165  159 
 174  156  173  171  164  165  161  168  171  165  165  156  167  160  155  161  172  155  158  168  174  160  171  166  175 
 166  160  171  171  160  175  171  156  166  163  165  165  158  175  155  160  167  163  162  155  162  165  158  175  166 
 156  168  171  164  159  158  162  155  166  164  174  168  165  161  159  162  167  159  165  175  174  173  164  174  160 
 162  167  171  157  169  166  155  160  170  161  170  173  174  165  173  169  162  161  174  170  174  158  159  155  156 
 157  167  166  162  174  160  160  158  175  172  161  160  169  168  165  168  169  162  166  162  170  173  161  164  174 
 175  168  157  166  173  170  158  160  169  164  168  175  165  167  161  165  160  155  175  155  170  162  167  157  156 
 168  164  156  166  166  170  169  158  168  164  162  155  159  174  171  161  165  163  167  161  171  170  161  172  165 
 169  173  156  159  168  168  161  161  160  158  155  164  174  166  174  156  173  165  173  159  163  163  174  172  158 
 157  160  156  168  156  155  172  163  171  166  172  156  172  157  159  163  156  173  165  160  171  164  158  156  175 
 172  173  171  159  156  158  160  170  162  163  169  171  159  160  168  163  159  171  167  165  175  165  157  160  162 
 166  166  160  169  164  159  167  169  161  171  156  158  160  165  175  156  171  159  172  159  165  170  174  158  172 
 157  175  156  171  166  169  155  160  160  162  172  156  169  170  157  175  175  170  175  158  166  165  175  172  172 
 157  168  163  166  173  163  169  170  156  165  173  161  171  160  160  173  156  155  157  156  157  172  165  160  165 
 164  161  159  161  166  175  172  159  174  161  174  169  163  166  167  172  162  173  157  161  175  159  164  165  162 
 170  173  174  157  162  162  163  169  174  165  165  159  164  174  158  158  162  169  171  158  158  171  163  165  165 
