 -95  -10   -5   -7    7   10   -6   -9   -3    4   -6   -6   -7    1   -5   -8 
  -6  -75    1    5   -2   -7    3   10   -3   -3   -2    9    4   -5    7    7 
   4    0   69   -9   -7    5   -5   -5   -5    0   -5    5    7   -1   -1   -5 
  -4    5    5  -74  -10   -7    0    2   -4   -5   -1    4    5   -8   -8   -5 
  10   -6   -2   -8   87    3    7   -1  -10   -6    2   -8   10    6    5    2 
   5    8   -3    9   -8   96    1    7    4    3   -9    6    6    9   10   -6 
   7    6    9    7    8   -2   78    5   -6    2   -4    1   -4   10   -2    1 
  -6   -2   -8    9  -10   -9    2  100   10   -1    9    9   -9    3    2    8 
  -4   -6   -9    0    6   -5    9   -8  -82   -3    1  -10    3    6   -2    6 
   5   -7   -9    3    2    8   -1    1    0   71   -3    8   -5    3   -8   -6 
  -1    9    8    4   -7   -1    4    5   -8   10   91    4   -6   -8    7   -7 
 -10   -7    6    1   10   -8   -2   -6    3    0   -2   77   -4    6   -1   -7 
   0  -10   -5    2    8    1   -5  -10    3   10   -7   -4  -85   -6   -3   10 
  10  -10    1    2   -1    8   -8    5    3   -1    8   10    8  -94    8  -10 
   1   -7    3   -8   -8    7   -2   -4    9    5   -7    1   -9  -10  -86    1 
  -4    2    2    7   10   -2    6    7    4    1    6    1   -7   -4    4   68 
