 -58   -9    1   -8    6   -7    7   -5   -1  -10 
  -9   48    7   -4   -1   10    9   -1   -3   -3 
   6  -10  -73   -9   -9    9   10    6  -10    0 
   4    2   10   38    2    8    4    1   -4    0 
  -1    4   -9    4   50   -8   -7    5   -8   -3 
  -7    4    7   -7   -9  -58    6    3  -10    3 
   0   -5   -9    4    5    6  -45   -9   -1   -5 
  -2    7  -10   -2   -9    4    0   50   -5   -6 
   3   -9    8    3    4   -1   -8   -9   54   -7 
   8    9   -4   -6   -9   10    2   -3    4   56 
