  48   -2   -2    4   -7    7   -5    5    2   -9 
   2   34   -9    0    0    6    6    2   -2    5 
   8   10   59    0    7    8   -1   -8   -5    7 
   1   10   -8   43  -10   -2    2    2    4    1 
  -4    6    4    5  -59  -10   -3   -5   10   -9 
   9   -8    5   -6    7   42    0   -3    0    1 
   7    7   10   -1   -3    8  -53    4    3   -9 
  -9    3   -4   10    2   10    3  -55   -9   -3 
   6  -10   -6   -7    1   -1    1   -3   39   -1 
  -4   -6   -9    7   -5   -5    7   -5    6   58 
