 -39   -5   -7    2    2   -2    5   10    3   -1 
  -5  -64   -4  -10   -5   -8   -2  -10   -9    6 
   7    9  -64   -8   -5    7    1  -10   10    2 
  10   -6    0   39    2    1   -7    5   -3    0 
   2   -7    0    1  -48   -6   -9    5   -9   -4 
 -10   -5   -6   10    8   61   -1    5    8    7 
  -4   -1   -8    3    9    8   49   -2  -10    2 
   4    8    2    5   -9   -5    9  -54   -2   -8 
   4   -4    9    2   -8   -7    7   -4   57    9 
   4  -10    4    3    0    0    0   -6   -2   30 
