 150  154  155  141  142  141  149  150  155  141  140  158  156  144  151  145  149  152  160  159  157  150  154  142  152 
 151  150  148  152  143  142  147  144  144  151  156  155  145  157  157  143  153  141  157  140  153  151  141  153  147 
 152  144  150  157  158  150  145  149  153  147  159  160  154  149  156  149  155  153  148  140  147  151  157  150  144 
 160  158  146  150  152  150  145  148  150  155  154  160  148  143  160  150  158  149  146  148  146  140  157  147  148 
 159  154  156  152  150  156  159  144  147  151  150  158  140  145  154  142  156  157  142  146  157  154  154  145  142 
 151  145  154  158  146  150  156  159  145  153  157  150  142  148  142  140  151  147  155  153  145  154  156  153  150 
 158  154  146  141  145  152  150  144  159  145  142  159  151  156  158  143  140  146  145  143  159  155  158  152  142 
 156  144  143  147  141  157  154  150  144  146  140  149  146  145  153  147  159  151  145  143  151  154  149  155  153 
 147  149  146  157  144  153  140  152  150  160  147  158  143  154  140  155  142  148  148  152  146  159  158  150  150 
 147  146  148  141  153  158  150  150  142  150  153  156  158  152  145  158  158  141  159  153  143  146  140  156  155 
 147  152  146  149  160  155  158  143  148  156  150  140  160  159  153  158  159  147  143  159  145  145  158  159  151 
 148  143  141  143  151  156  152  142  157  147  140  150  155  158  156  158  160  155  151  158  156  140  143  155  146 
 146  141  140  148  150  146  151  156  157  147  148  141  150  158  141  146  153  141  144  152  141  141  143  141  158 
 153  152  157  148  159  159  151  146  151  157  160  147  156  150  158  158  155  155  141  143  150  145  148  142  147 
 149  150  151  157  145  145  155  156  143  156  148  152  146  147  150  156  145  143  153  143  159  148  146  142  140 
 142  140  145  150  152  156  143  148  143  149  145  140  155  141  149  150  150  159  143  145  144  146  140  150  147 
 149  152  150  142  155  151  147  147  145  145  151  156  150  160  141  151  150  144  142  147  155  141  151  142  146 
 157  146  157  155  156  148  145  140  145  159  150  152  144  155  143  160  145  150  143  159  143  148  141  151  142 
 147  152  143  152  149  152  149  146  148  160  152  151  144  153  140  159  159  158  150  140  145  149  144  144  155 
 146  157  152  151  144  146  157  157  156  149  147  143  160  147  156  152  154  150  153  150  149  151  157  150  157 
 143  143  151  152  152  148  146  145  154  153  143  153  151  153  140  155  154  149  152  146  150  142  141  156  154 
 146  152  143  145  156  149  156  150  143  146  157  151  142  152  155  155  143  149  158  160  145  150  152  152  150 
 148  153  149  143  160  143  149  145  160  140  143  152  144  149  149  156  152  141  152  149  147  141  150  147  149 
 143  146  159  160  155  154  149  159  156  155  150  142  155  151  146  149  156  158  159  153  151  142  147  150  150 
 159  140  142  142  144  149  142  144  145  157  156  144  152  151  154  155  148  147  141  158  142  140  157  158  150 
