  58   63   68   61   57   49   54   48   56   49 
  62   58   54   56   52   59   66   48   50   51 
  58   53   58   57   62   50   55   53   65   55 
  57   54   56   58   57   67   50   51   51   57 
  49   60   59   52   58   58   56   53   64   62 
  65   50   68   64   60   58   51   49   55   60 
  61   53   48   65   62   64   58   66   58   48 
  61   59   61   59   53   58   51   58   63   51 
  52   51   59   60   64   62   57   57   58   60 
  56   64   61   66   67   66   53   60   59   58 
