 153  150  152  160  150  157  149  159  146  158  143  152  159  155  153  150  145  148  162  162  155  143  155  160  154 
 156  153  163  146  159  149  156  156  157  150  144  155  156  162  157  147  158  149  157  145  154  163  146  153  157 
 153  160  153  153  155  154  154  159  152  161  154  146  157  143  148  151  156  146  145  161  162  154  155  145  145 
 157  150  155  153  163  154  159  155  145  152  146  162  161  144  152  144  161  153  150  148  148  154  151  147  154 
 157  146  155  143  153  144  157  159  144  148  157  157  151  146  162  149  144  143  161  146  163  153  155  148  160 
 144  160  160  143  154  153  158  156  163  160  150  161  143  156  155  159  143  158  158  152  160  161  152  144  161 
 148  162  163  143  143  159  153  145  150  163  161  145  143  157  153  143  160  145  157  156  146  152  153  158  151 
 155  150  149  149  155  147  150  153  150  146  156  153  156  157  152  158  158  146  148  161  145  153  155  160  159 
 154  154  160  161  146  146  146  154  153  153  143  156  163  149  151  152  163  145  162  160  163  147  146  160  150 
 147  152  157  156  143  148  153  163  154  153  146  147  159  159  148  154  159  155  162  148  156  146  149  153  147 
 146  144  152  158  151  162  152  144  144  160  153  144  150  152  150  157  147  146  143  159  162  156  160  149  151 
 163  149  150  157  153  152  146  148  160  147  159  153  148  156  157  152  145  145  159  159  152  144  160  148  143 
 151  163  146  145  163  155  153  159  145  143  143  153  153  148  149  143  156  143  157  146  146  160  163  163  149 
 157  146  151  161  155  153  146  160  153  159  150  151  143  153  152  153  153  159  162  153  152  163  149  156  145 
 147  155  161  143  151  146  154  148  161  146  154  158  157  151  153  145  152  157  156  144  147  152  144  160  162 
 156  149  152  153  153  146  153  156  154  157  149  162  155  153  153  153  149  162  156  152  152  150  145  156  157 
 153  155  161  159  150  149  147  163  160  151  152  155  144  148  162  143  153  154  153  149  161  154  163  151  145 
 158  145  149  153  158  162  153  156  151  159  161  151  158  150  163  149  152  153  150  154  146  161  146  153  159 
 149  162  145  162  157  150  148  149  145  149  161  158  158  157  158  148  152  147  153  159  158  152  147  149  156 
 148  143  152  162  149  151  143  150  147  151  156  155  155  144  153  152  162  147  147  153  157  153  154  154  148 
 157  159  143  149  145  146  159  144  155  146  147  163  153  157  158  145  149  162  156  159  153  163  145  144  156 
 149  143  158  147  158  154  150  146  159  154  162  160  147  147  146  147  158  161  143  160  149  153  155  147  162 
 143  149  144  159  158  146  156  163  143  148  150  146  144  143  145  162  148  150  146  154  145  144  153  144  150 
 155  158  149  143  161  158  146  156  153  150  151  155  151  157  144  157  158  145  160  159  152  149  163  153  153 
 155  153  156  152  145  150  159  147  148  156  151  143  146  161  153  161  149  147  163  163  144  144  162  162  153 
