  68   69   76   77   72   65   78   70   58   72 
  63   68   73   71   76   66   65   60   75   74 
  61   63   68   68   77   61   64   77   75   62 
  72   59   62   68   73   65   69   58   66   66 
  74   60   68   71   68   70   64   63   78   59 
  65   60   77   61   66   68   75   60   78   59 
  66   70   76   77   59   71   68   76   73   78 
  71   58   60   71   62   77   71   68   60   72 
  72   72   72   74   76   72   71   66   68   71 
  63   74   66   60   74   58   78   69   61   68 
