  56   65   55   64   50   63   49   61   57   66 
  65   56   49   60   57   46   47   57   59   59 
  50   66   56   65   65   47   46   50   66   56 
  52   54   46   56   54   48   52   55   60   56 
  57   52   65   52   56   64   63   51   64   59 
  63   52   49   63   65   56   50   53   66   53 
  56   61   65   52   51   50   56   65   57   61 
  58   49   66   58   65   52   56   56   61   62 
  53   65   48   53   52   57   64   65   56   63 
  48   47   60   62   65   46   54   59   52   56 
