  45   -8   -3   -1    0   -4   -5    1   -6    0    6    4    3    0    1    1 
  -3  -76    5   -4  -10    5  -10    1   -7   -8   -3    3   -4   -6    3    1 
   5    7   70   10   -6   -3    3    8    5   -7   -4    3    5    1    0   -1 
  -8    5   10  -87    7   -6    6   -9   -4   -4    0    8   -4   -5    3    6 
 -10    5    0    5  -90    6   -4   -2   -4    6    6   -9   -6    8    6   -9 
  -5    5    0    0  -10  -90   -5   -5   -8    6    9   -6    1    9    7    9 
   5    9  -10  -10    3    6   93    7    1    6    9    2   -4   -9   -4    6 
   3    3   -1    6   -2   -3    8  -67   -7    5    6    5   -5   -2    1   -7 
  10   -2  -10   -2   -7    7   10   -3  -93   -5  -10   -5   -2    3    8    7 
  -8   -8  -10   -5    7    4   10   10   -9 -105   -8   -3    4   10    5    2 
  -4   -3   -8   -8    1   -8   -5    9    4   -8   94    8   -5    3   10   -7 
   7    6    3    6   -6    6   -7    7    5    8   -4  -78    2    3   -2    2 
   3   10    3   -4   10   -5   -7   -8    7   -7   -6    5   89    9   -2   -2 
  -7    8   -3    6    3    3    7   -6   -5   -8    7    8    7   89    7   -1 
   2    4    5   -2    7    9  -10    2    7   -3   10    1    8  -10  -90   -6 
   7   -2   -9  -10   -2    6    8   -6   -8    3    1    5   -4   -9   -1   85 
