 -40  -10   -7   -2   -2    2    9    1    2   -2 
  -2   51   -7    5   -4   -4    9    9    1    5 
 -10   -8  -61    4   -6   -6    8   -1   -6   -9 
   3    2  -10   62  -10   -5   -9   -2    8   -8 
  -4    9  -10    7  -50    6    1    0    8   -1 
   2    9   -1    4   10   47   -6    0    6   -6 
   0    2   -9   -5    2   10   48    8    7   -3 
  -8   -6    7   10    2    8   10   65    7   -2 
   0  -10   -8   -5   -7    3    8    1   56    9 
   7   -7    1    3   -2   -8    8   -1   -5   46 
