 141   -2   -9    5   -7    2   -4    4    3    7   -3    4    3   -8   -4   10    4   -9    6  -10   -6   -1  -10   -9    6 
   4 -128    2   -4    8    8   -5    0  -10    6    6    2   -2    0   10   10   -8   10   -4  -10    3   -5    6    2   -1 
   0    9  144   -7    2    2    3    6   -3    0   10    7   -2    5    0  -10  -10   10   10    8   10    9   -7   10    0 
  10    6    6 -124   -6    4    8   -5   -7   -3    8    8    4   -3    5   -2    5   -3    6    5   -3    5    2   -6    2 
   2    9    3   -5 -119   -4  -10   -6    0    3   -9    5    4   -2    2   -1   10    9   -7   -5    2    0  -10   -4    5 
   8   -5   -3   -7    7 -127    4   10    9   10    8   -8    0   -2   -6   -8  -10    0    5   -1    0    1    1    3   -8 
  -3    4   -4   -7    1    1   98    2   -5    1   -5   -8   -1   -8  -10    1    2   -4    3    5   -4   -7   -3    4    1 
  -7    7   -8    7   -7    6   -9 -149   -6    2    2    6    6   -8  -10    8    1   -7    6   -9    3   -8    5   -5   -4 
   8   -4   -4   -9   -3  -10   -6   -8 -140    8   -7   -5   -8    3    7    6   -2    9    7   -4   -1    8   -9    0   -2 
   2   -4   10   -9   -7   -7   -5   -5   -1 -118   -3    1   -4   -8    2    1   -8   -6   -3    9    3   -5    3    7    4 
  -6    6    8   -4   -3   -7   -6   -3   -4   -5  136   -1    4    8    4   -8   -7    7    4    5    7    9   10    5   -1 
  -7    9    5    9  -10   -1    6   -3    4    7   -1 -126   -9    4    1   -2   -4   -2   -8   -2   -1    7   -8   -9    3 
  -4   -5   -6    1   -2   -8   -4   -4   -9    3  -10   -4  129    7    5   -5    8   -4    6   -6    2   -9   -4  -10    0 
   0    1    9   -1    7   -7    3   -2   -1    5    2    5    4   93    5   10   -4    0    2    1   -3    9   -6   -1    0 
  -2    4    3   -2   -7   -6   -6    0  -10   -3   -8   -4    4    5 -115   -1   -1    8   -9   -2   -6    1  -10    5    7 
  -5   -4   -8  -10    3    4    3  -10    5    5   -5   -6    6    0   -4  121   -6   -9    6    1    0    3    2    6    7 
   0    8    0   -3   -8    5   -1  -10   -3   -7    4   -5    8   -4   -2  -10  123    7   -4   10    9   -3    5   -1    5 
   1   -8   10   -8    2    7    3    9   10   -5   -3   10    0   -2    1    3   -6 -127   -9   -6    5    6    0    4    4 
 -10    0    4    7    9    6    7   -9   -3    1    2   -5    0    5    0   -2   -8    7  122    5  -10    4    4   -8   -1 
 -10   -8   -5   -3  -10    6    9    8    2    2    2    1    9   -8  -10   -9    3    5   -1 -144    7   -5    7    2   -7 
  -5    6    3    6    6    3    9  -10    4    2    9   -1   -6    0  -10    5   -4   -8    4   -5 -122   -2    5    1   -7 
   3   10    5    6   -8   -2   -2    6   -7   10    5   -8    3   -4  -10   10   -2    1   10   -9    7  152    5  -10    5 
  -5   -7   -2    1    6   -3   -7    2   -2    1    8   -9    3    7    6    5   -3  -10    3   -4   -4   -7 -118   -3    9 
   9    8  -10    1  -10   -7    9    0   10   -6    3   -1    0   -8   -6    1    3   -9   -5   -5   -2   -5    8  129   -1 
   7    8  -10    6    4    8    6   -8    9   10  -10   -4    7   -8    9   -7    2    9   -3   -7   -1   -4   -4    2 -156 
