  49  -10   -5  -10   -1    1    2    4    5   -8 
  -3  -45   -5    0   -3   -9    6   -4   -3  -10 
  -6    0  -42    1    5   -6   -2    8   -8    1 
 -10   -3   -8  -65    0   10   10    5    9   -8 
  -7    9   -1   -2   47    0   -1   -9    8   -5 
  -3   10   -2    0   -2  -42    9   -2    1   10 
   9    8    3    7   10    6   58   -9    2   -3 
   7    6    2    4  -10   -9   -6  -55    9    0 
   3    4    3   -7    3    3   10    0  -41    3 
  -4   -6   -3    9   -1    5   -3   -5    0  -37 
