 109    9    5   10   -8   10   -7    9    4    8    6    3    2    6   -9  -10 
   9  -61   -8   -5   -3    6    2   -4   -4   -3    0   -2    2    1   -3   -4 
  -5    1   82    7   -2   -9   -3    9    6   -4    9    0   -9    6    1   -7 
   9    0   -6  -75    6    2    1   -3   -8    6    1    1   -8    6   -9   -4 
  -4    7   -4   -9  -97   -8   -1   -6    6   10   -5    4    8   -6   -6   10 
  -1    3   -6    0   -2   64  -10   -1   -2   -9    5    6   -3  -10    2    3 
   4   -2    6   -1   -2   -9   91   -7   -7   -7   -9   -5  -10    0    9   -8 
   7    8    3   -8    8   -2    8  -81   -4   -3    8   -4    9   -1    2    5 
   4    9   -9    5   -9  -10   10   10 -117    8   -9   -4   -8    6   -7    5 
  -8    3   -5   -3   10  -10    1    9   -3  -97    1   -6  -10   -6   -9   10 
   8    8  -10   -5    4   -9    1    6    8    5   88    3    3    1   -6    6 
   4   -4   10  -10   -4    0   -7   -6    2   -6   -7  -97   -8  -10   -6   -8 
  -8    5    1   10   -3  -10    0  -10   -1    4    4   -8   78   -4   -2    5 
  -5   -3    9    5   -1  -10   -7    2    9   -3    4   -8   -6  -88    8    5 
   3   -9  -10  -10    3    5   -8   -2    9   -1   -7   -6   -9   -4  100   10 
   8   -9    0    5   -4   -8    7   -2    6    2  -10   -3    5    2   -4   76 
