 -42   -9    3    4   -5    9    0    2   -6    3 
  -4   61    9   10   10    1   -4   -3    7    9 
  -6    7  -58   -1   10    5    3   10    4   -7 
  -9   -9   -2  -42    4    4    2    8    0   -2 
  10  -10    7    4  -59    2    7  -10   -4    3 
  -5   10   -5    8   -8   65    4   -8    5   -8 
   4    8   -7   -6   -6    9   58   -7    7    0 
  10    1    4   -5   -9   -9    0   55    9    3 
  -1    6   -7   -9    6   -3   -2   -1  -40    1 
  -3   -6   -1   -6    2   -9    6    1    0   35 
