  49    6   -5    9   -3   -7    6   -1   -1    7 
   9  -52   -1    9   -8    8   -5    2   -8    0 
   7    0   42   -2   -5   -9    1    1    7    6 
   8   -7    1   60    8    6    8    6   -9   -3 
  -8    5    4   -6  -57   -9    6   10    2    4 
   4    9   -7    0    3   41    2    0    2   -9 
   7    3   -8    8    8    4  -57   10   -4    1 
   0    7   -1   -9   -1    7    4   41    3    8 
  -4  -10    3    8   -9   -4   -6    8   57   -4 
   8    1    3   -7   -9    2    3    1   -3  -38 
