  77   -7    3    4   -6    5    2    0    1   10    5   10   10    4    5   -2 
  -5  -90   -5   -3   -1   -6    7    9    2   -5    9    5   -5   10    7    7 
  -1   -8  -99    9   -9  -10    6   10    5    0   -3    9  -10    0   -9   -7 
  -2    3   -2  -73    6   -5    2   10   -6   -4    4    6   -5   -8    6    3 
   4    5    5   -2  -85   10   -6   -8   -1   -5   -4   -5    5    4    7   -9 
  -4  -10   -1   -2   -3  -82   -9    0   -7    8   -8   -9    3    4    6   -5 
  -6   -7  -10    3   -2   -6   85   -9    8    2   -8   -4   -8   -4   -5   -1 
   2    4   -9    3    1   -9    2  -77    6   -4   -4    5   -6   -2    7   -8 
  -5    4   -7   -8   -4   -5   -3   -4   90    2    5   -7   -9   -6    7  -10 
  10   -3   -6    5    3    0   -2    5    6   70    5    6   -4   10   -3    0 
   3   -3    7   -8    7    0   -7    8    4    8   83   -1  -10    5    4   -6 
   2    4  -10   -3    6    5  -10   10    3   -3   -1  -96    9  -10   10    5 
  -6   -9   -1    7    9   -6   -5    9    9    7  -10   -6  107    2    8  -10 
   3    9    1   -5   -5   10    8   -9    8    5    7    6   -2  -94    7    7 
   9    6   -1    6    2   -1   10    4  -10    6    4    9   -4   -5  -85    7 
   5   -4   10    0    9    4   -4   -5    1   -8   10   -7    4    9   10   94 
