 175  167  183  172  179  168  167  177  165  183  176  179  185  179  181  172  170  166  182  171  172  168  173  176  185 
 170  175  179  180  179  182  180  165  178  165  170  172  166  168  183  183  170  179  178  180  184  182  176  172  169 
 183  181  175  166  166  171  183  184  165  180  180  168  174  181  174  184  184  179  182  182  166  175  177  181  176 
 184  180  169  175  179  165  174  183  166  181  180  167  184  177  183  166  166  180  178  185  179  172  184  178  175 
 171  167  182  181  175  177  165  182  173  165  171  170  169  169  167  174  167  180  171  169  183  168  183  185  183 
 178  182  176  185  170  175  182  166  184  175  167  182  184  170  170  171  175  174  174  184  177  170  172  184  168 
 170  176  170  171  169  169  175  170  175  180  167  179  181  178  181  178  178  166  183  166  178  172  175  177  166 
 165  166  178  185  172  171  171  175  176  176  180  182  167  177  165  182  173  181  180  165  176  183  165  177  176 
 170  177  167  172  180  171  167  182  175  174  168  177  167  181  172  165  165  185  168  183  172  185  179  175  175 
 169  170  168  174  176  181  179  165  178  175  168  175  182  180  180  176  185  178  183  167  179  185  171  179  174 
 166  183  167  180  169  173  184  181  166  182  175  167  175  178  173  166  177  170  184  168  169  177  168  172  171 
 165  179  165  175  182  165  178  177  170  167  177  175  169  174  179  171  165  174  182  167  166  166  168  172  173 
 181  169  182  176  172  178  179  183  175  180  177  168  175  180  181  171  185  170  165  173  171  175  169  176  179 
 165  182  178  178  178  183  175  170  169  168  185  169  180  175  182  184  184  179  180  169  178  167  172  168  173 
 166  178  182  183  181  179  178  176  173  175  166  179  182  171  175  166  168  175  185  167  175  179  185  180  174 
 177  178  168  165  181  181  184  179  179  180  172  169  170  185  173  175  182  182  180  185  165  172  166  170  183 
 180  169  172  184  184  165  167  166  184  165  165  178  179  182  166  165  175  168  174  168  166  170  165  166  171 
 178  172  166  184  169  173  173  168  174  175  170  175  174  173  178  166  167  175  170  168  179  174  179  183  178 
 180  173  174  167  166  184  170  166  167  179  175  173  169  165  181  180  174  168  175  178  173  185  165  178  179 
 179  169  172  180  166  183  171  168  165  169  174  167  174  170  178  185  175  178  180  175  169  165  180  185  174 
 167  176  178  177  170  183  166  165  184  184  172  167  185  179  177  167  170  183  183  169  175  178  166  180  183 
 183  179  172  184  183  184  178  175  171  176  176  174  177  175  183  180  177  179  174  180  184  175  180  170  183 
 180  170  177  171  169  171  179  170  169  179  184  179  167  176  172  176  168  183  174  185  175  170  175  172  169 
 177  185  177  185  181  184  179  167  168  185  182  174  171  178  172  167  180  165  175  173  169  173  185  175  165 
 175  174  184  179  166  185  173  167  181  172  182  184  176  184  183  166  171  177  176  174  172  177  184  183  175 
