 125    4   -5    7   -3    2   -7    2    7  -10   -5    6   -1    3   -6    5    9    0   -2   -1  -10  -10    6    2   -8 
   3  110   -8   -4    3    5   -1   -1   10   10    0   -1    6   -1    4    2    8   -6    4    1   -9   -6    7    0   -6 
   4    8  130    7   -2    2    7    4   -8   -1   -9    0   -1  -10   10    8    4   -2    2   -7   -6    6    8    3    7 
  -6   -9   -6 -145    5   -9    2    1   -3   -7   -5  -10   -6    5   10    4   -7   10    3  -10    4   10    0    5   -7 
   6    9   -1   -8 -107    0   -4    0   -8   -5   -8    3    2   -7    7    3   -3    1    0  -10    4    0    2    2   -9 
   6    4   -6   -4   -3 -136    5   -1   -7   -7    6    4   -5  -10    4    7    3    7    3   -7   -8   -7    1  -10    7 
  -4   10  -10   -4    4    2 -120    8    9    1    0   -4    2    3   10   -7    9    8    7    3    0    2   -5    1    2 
   2   -8  -10   -8   -4    9   -8 -139    2    5  -10   -3    1   -1    7    7   -9    0    4   -8   -4    2    8    7   10 
   1    9   -3    1   -2   -3   -1    0  -93   -3    1   -7    7   -7   -6   -7    4    1  -10   -1    0   -2   -8    3    2 
  -2    2    7   -3   -8    3    4    1  -10 -124   10    1   -1   -3   10    3   -7   -8    5   -5    4   -5   -5   -8    6 
  -2   -8    5    6   -2   -4    0    5   -4   -8 -119    7   -8   -8    5    1    1   10    0   -7  -10    2    6   -5   -4 
  -4    5    9   -3   -8    9  -10    6   -4   -6   -5 -144    1   -3   -8   -5   -3   -6    8    9    6    7   -2    7    8 
  -8   -8    2    1   -4   -4   -1    2   -4   -4    2   -9   94    6   -6   -1   -4    1    1    0    8    4   -3    4   -3 
  -9   10    9    2   -9    9   -9    0   -6   -5    8    6    1  140   -5    0    3   -9    2   -9   -5   -8    1    5    9 
   2    1   -8    2    0   -9   -2   -8  -10   -4   -7    1   -1   -1  113   -8    8   -1   -2   -4   -9   -1    8   -9    2 
  -3    5    4   -5   -6   -8   -3    7    2   -2   -8    4   -2   -3    6 -130    6   -8   -6    8   10    3   -7   -7    5 
   4   -6    8   -5   -1    2    9    4    6    9    9    0    0   -4    3   -8 -123   10    8   -1    3   10    1   -2    7 
 -10    7   -9   10    0   -7    5    3    2   -4   -1   -7   10   -3   -9   -2    7  144  -10    7    6    8    4   -6   -2 
   6   -2    7   -5   -4    1   -3   -7    9    0    8   -1  -10   -9    8   -7  -10   -8 -136   -2    8   -2   -4    4   -7 
  -5   -1    7    9   -7   -6    3   -2   -2   -6    3    1  -10   -7   -2    0   -9   -1   -5  109   -2   -2   -5    6   -5 
   9    5   -9   -6    9   -1   -9    7    0   -7   -3    6    2    1   -1  -10    0    0   -1    8  121    6   -8    3   -7 
   8    3    0    6    2   -8    7    4    9   -7    5    5    3    7  -10   -3   -4    1    6   -4    9 -123    3    6    2 
  -6   -2   -4  -10   -5   10   -2  -10   -1    1    6   -8   -1    9    6   -8    0    0   -8    7    6    1  127   10   -2 
  -7   -8   10   10   -6   -3   -4   -7    1   -7    1   -1    0   -9   -6    0   -1   -9   -5    1   -1    3    1  104   -2 
  -2   -3   -9    9    1   -9    8    0   -5   -8    4   -2    3    5   10   -8   -6    9   -6    5   -3   -7    8    6  139 
