  56   -8   -1   -9   10    3    3   -5    8   -6 
   5   58    1    6  -10   -1    5   10    7   10 
   2   -2   49    4   -2    8   -5   -8   10    4 
  -3    2   -9   49    7    3    2    1   10  -10 
  -1    9    8   -4  -51    1   -6   -2    9    9 
   4   -3   -6    1  -10   45   -3   -5    8   -3 
  10    8   -7    9    7   -3   61   -5   -4    3 
  -8    2    0    9   -2    1   -7  -43    6   -3 
   1  -10   10   -1   -5   -5  -10   -6  -61   -9 
  -1    6  -10    3   -1    0    5    1   10  -40 
