 -74   -3   -4    5   -9    0  -10    1   -8   -3    0    1   -7   -6    8    4 
  -6   78    3    7    0    2    3    3  -10    2   -4   -7    8    9   -2   -7 
   2    1   62    2    6   -4   -8    8   -2    8    1   -4   -2    3   -1    9 
   0  -10    0   69    2    6    1   -3    2   10   -1   -8   -3  -10    2   -7 
  -1    2   -8    8   68    1   -9    3   -6    1    1    2   -3   10    2    7 
   3  -10   -1   -6    8   94   -5   -8    6    5   -7   -5   10    0    5  -10 
   1   -3    2    3    6  -10  -82   -8   10    4   10   -3    6    0   -5   -8 
   8    7   -8    1   -1   -7    4   82    3   -4   -3    7   -7    6   -7    5 
   3    3    9    1   -3    6    8  -10  -97  -10  -10    6  -10    6    0  -10 
  -7    8   -4    4   -9    1    0   -6   -4  -73    7    5   -3   -3   -4   -4 
  10    3   -1   -7    3   -1    7    3   -8   -4  -77   -4   -7    4   -9   -3 
   8    8   -6   -6   -1    9    7    6   -5   -8   10 -105    3   10    4   10 
  -2    7    8   -2  -10   -1    4   -6   -8    3   -1   -2   69   -3   -4    7 
   3   -5   -2    9   -4   -4   10    7   -5    1    7   -7    4   79   10    0 
   9   -8   10    9    6   -1   -3   -2    4    1   -7   -8   -7    6   84   -1 
   5    1   -2    8  -10   -8  -10    4   -6    8   -7    3    6   10    6  -98 
